3  1.2819e+18	2.579498e+00	7.481215e+00	3.580167e+00	2.260098e+00	9.938567e-01	0.000000e+00	2.100000e+01	1.530000e+00	1.490000e+06	8.200000e-01	2.000000e-01	2.880000e+02	7.000000e+03	1.500000e+01	1.900000e+01	1.485330e+03	1.000000e+00	1.770000e-06	1.301279e-02	7.177374e+00	
3  1.24757e+15	1.275673e+00	9.439589e+00	5.120996e+00	2.218225e+00	9.837901e-01	0.000000e+00	2.100000e+01	1.530000e+00	1.490000e+06	8.200000e-01	2.000000e-01	2.880000e+02	7.000000e+03	1.500000e+01	1.900000e+01	1.485330e+03	1.000000e+00	1.770000e-06	1.470852e-03	2.189164e-01	
2  1.24757e+15	1.275673e+00	9.439589e+00	5.120996e+00	2.218225e+00	9.837901e-01	1.187752e-10	2.100003e+01	1.530000e+00	1.490000e+06	8.229846e-01	1.950769e-01	2.891097e+02	6.995157e+03	1.499909e+01	1.904347e+01	1.478809e+03	1.000577e+00	1.769349e-06	1.470852e-03	2.189164e-01	
5  1.24757e+15	1.275673e+00	9.439589e+00	5.120996e+00	2.218225e+00	9.837901e-01	-5.764873e-11	2.099997e+01	1.530004e+00	1.490001e+06	8.246617e-01	1.935197e-01	2.901152e+02	7.000631e+03	1.499944e+01	1.903955e+01	1.484658e+03	1.001013e+00	1.769235e-06	1.470852e-03	2.189164e-01	
4  1.24757e+15	1.275673e+00	9.439589e+00	5.120996e+00	2.218225e+00	9.837901e-01	6.815058e-10	2.100004e+01	1.530006e+00	1.490001e+06	8.326717e-01	2.012061e-01	2.897260e+02	7.001342e+03	1.499840e+01	1.910120e+01	1.485578e+03	1.000952e+00	1.769123e-06	1.470852e-03	2.189164e-01	
2  1.24757e+15	1.275673e+00	9.439589e+00	5.120996e+00	2.218225e+00	9.837901e-01	2.582093e-10	2.100003e+01	1.530002e+00	1.490001e+06	8.316985e-01	2.034484e-01	2.892621e+02	7.018286e+03	1.499791e+01	1.904447e+01	1.487234e+03	1.000943e+00	1.768539e-06	1.470852e-03	2.189164e-01	
4  1.24757e+15	1.275673e+00	9.439589e+00	5.120996e+00	2.218225e+00	9.837901e-01	-8.499249e-11	2.100003e+01	1.530009e+00	1.490001e+06	8.272881e-01	2.083564e-01	2.889618e+02	7.022788e+03	1.499725e+01	1.903103e+01	1.485252e+03	1.000632e+00	1.768504e-06	1.470852e-03	2.189164e-01	
2  1.24757e+15	1.275673e+00	9.439589e+00	5.120996e+00	2.218225e+00	9.837901e-01	-1.771304e-10	2.100003e+01	1.530006e+00	1.490000e+06	8.358812e-01	2.050386e-01	2.909656e+02	7.032622e+03	1.499650e+01	1.901347e+01	1.488319e+03	9.996058e-01	1.768404e-06	1.470852e-03	2.189164e-01	
2  1.24757e+15	1.275673e+00	9.439589e+00	5.120996e+00	2.218225e+00	9.837901e-01	-3.991559e-10	2.100004e+01	1.530000e+00	1.490000e+06	8.375191e-01	2.008628e-01	2.899214e+02	7.033901e+03	1.499650e+01	1.908963e+01	1.491132e+03	9.999746e-01	1.767758e-06	1.470852e-03	2.189164e-01	
6  1.24757e+15	1.275673e+00	9.439589e+00	5.120996e+00	2.218225e+00	9.837901e-01	-1.468820e-10	2.100002e+01	1.530001e+00	1.490001e+06	8.401595e-01	2.020319e-01	2.896767e+02	7.026680e+03	1.499504e+01	1.914817e+01	1.487597e+03	1.000511e+00	1.767652e-06	1.470852e-03	2.189164e-01	
3  1.24757e+15	1.275673e+00	9.439589e+00	5.120996e+00	2.218225e+00	9.837901e-01	-6.848241e-10	2.100006e+01	1.530006e+00	1.490001e+06	8.438348e-01	2.054183e-01	2.890471e+02	7.020236e+03	1.499608e+01	1.916140e+01	1.490232e+03	1.000628e+00	1.767908e-06	1.470852e-03	2.189164e-01	
2  1.24757e+15	1.275673e+00	9.439589e+00	5.120996e+00	2.218225e+00	9.837901e-01	-6.584655e-10	2.100007e+01	1.530007e+00	1.490000e+06	8.464080e-01	2.047452e-01	2.886937e+02	7.030362e+03	1.499610e+01	1.917799e+01	1.491555e+03	1.000652e+00	1.768343e-06	1.470852e-03	2.189164e-01	
3  1.24757e+15	1.275673e+00	9.439589e+00	5.120996e+00	2.218225e+00	9.837901e-01	-2.180552e-10	2.100011e+01	1.530009e+00	1.490001e+06	8.531490e-01	2.014235e-01	2.880755e+02	7.032148e+03	1.499671e+01	1.920548e+01	1.487984e+03	1.000428e+00	1.768163e-06	1.470852e-03	2.189164e-01	
1  1.24757e+15	1.275673e+00	9.439589e+00	5.120996e+00	2.218225e+00	9.837901e-01	-3.909051e-11	2.100022e+01	1.530014e+00	1.490000e+06	8.514808e-01	2.014067e-01	2.880886e+02	7.030246e+03	1.499635e+01	1.918564e+01	1.490648e+03	1.000211e+00	1.767985e-06	1.470852e-03	2.189164e-01	
1  1.24757e+15	1.275673e+00	9.439589e+00	5.120996e+00	2.218225e+00	9.837901e-01	-2.813355e-10	2.100025e+01	1.530017e+00	1.490000e+06	8.508442e-01	1.963703e-01	2.885868e+02	7.018281e+03	1.499691e+01	1.918538e+01	1.491771e+03	9.996990e-01	1.768274e-06	1.470852e-03	2.189164e-01	
1  1.24757e+15	1.275673e+00	9.439589e+00	5.120996e+00	2.218225e+00	9.837901e-01	1.904944e-11	2.100024e+01	1.530022e+00	1.490000e+06	8.502449e-01	2.017435e-01	2.872092e+02	7.014449e+03	1.499688e+01	1.919069e+01	1.496133e+03	9.998193e-01	1.767849e-06	1.470852e-03	2.189164e-01	
1  1.24757e+15	1.275673e+00	9.439589e+00	5.120996e+00	2.218225e+00	9.837901e-01	-9.280160e-10	2.100023e+01	1.530022e+00	1.490001e+06	8.508480e-01	2.012670e-01	2.868016e+02	7.008461e+03	1.499700e+01	1.920559e+01	1.496324e+03	9.996333e-01	1.767839e-06	1.470852e-03	2.189164e-01	
1  1.24757e+15	1.275673e+00	9.439589e+00	5.120996e+00	2.218225e+00	9.837901e-01	-1.233682e-09	2.100023e+01	1.530029e+00	1.490000e+06	8.519254e-01	2.038600e-01	2.870814e+02	7.003376e+03	1.499737e+01	1.922758e+01	1.498857e+03	9.986284e-01	1.767146e-06	1.470852e-03	2.189164e-01	
3  1.24757e+15	1.275673e+00	9.439589e+00	5.120996e+00	2.218225e+00	9.837901e-01	-1.806897e-09	2.100024e+01	1.530033e+00	1.490000e+06	8.484302e-01	2.005950e-01	2.874763e+02	7.005613e+03	1.499729e+01	1.923028e+01	1.501970e+03	9.988751e-01	1.766922e-06	1.470852e-03	2.189164e-01	
6  1.24757e+15	1.275673e+00	9.439589e+00	5.120996e+00	2.218225e+00	9.837901e-01	-1.966573e-09	2.100024e+01	1.530034e+00	1.490000e+06	8.487367e-01	1.953243e-01	2.865671e+02	7.004499e+03	1.499661e+01	1.914428e+01	1.501177e+03	9.983896e-01	1.767431e-06	1.470852e-03	2.189164e-01	
2  1.24757e+15	1.275673e+00	9.439589e+00	5.120996e+00	2.218225e+00	9.837901e-01	-1.773157e-09	2.100023e+01	1.530034e+00	1.489999e+06	8.525544e-01	1.939460e-01	2.851994e+02	7.013414e+03	1.499639e+01	1.907855e+01	1.501198e+03	9.986549e-01	1.766870e-06	1.470852e-03	2.189164e-01	
2  1.24757e+15	1.275673e+00	9.439589e+00	5.120996e+00	2.218225e+00	9.837901e-01	-1.644362e-09	2.100016e+01	1.530035e+00	1.490000e+06	8.558777e-01	1.944639e-01	2.848205e+02	7.004619e+03	1.499695e+01	1.906998e+01	1.507975e+03	9.980973e-01	1.767194e-06	1.470852e-03	2.189164e-01	
1  1.24757e+15	1.275673e+00	9.439589e+00	5.120996e+00	2.218225e+00	9.837901e-01	-1.739421e-09	2.100017e+01	1.530036e+00	1.490000e+06	8.633810e-01	1.887953e-01	2.857559e+02	7.004524e+03	1.499679e+01	1.906117e+01	1.508648e+03	9.977324e-01	1.766906e-06	1.470852e-03	2.189164e-01	
2  1.24757e+15	1.275673e+00	9.439589e+00	5.120996e+00	2.218225e+00	9.837901e-01	-1.690796e-09	2.100023e+01	1.530033e+00	1.489999e+06	8.652582e-01	1.859175e-01	2.852816e+02	7.003788e+03	1.499711e+01	1.903876e+01	1.502267e+03	9.975823e-01	1.766792e-06	1.470852e-03	2.189164e-01	
5  1.24757e+15	1.275673e+00	9.439589e+00	5.120996e+00	2.218225e+00	9.837901e-01	-1.756061e-09	2.100025e+01	1.530036e+00	1.489999e+06	8.662488e-01	1.856127e-01	2.856799e+02	6.987176e+03	1.499653e+01	1.906696e+01	1.500098e+03	9.976786e-01	1.766738e-06	1.470852e-03	2.189164e-01	
1  1.24757e+15	1.275673e+00	9.439589e+00	5.120996e+00	2.218225e+00	9.837901e-01	-2.686992e-09	2.100024e+01	1.530039e+00	1.489999e+06	8.667490e-01	1.863330e-01	2.864197e+02	6.982138e+03	1.499645e+01	1.905408e+01	1.501770e+03	9.984722e-01	1.766622e-06	1.470852e-03	2.189164e-01	
2  1.24757e+15	1.275673e+00	9.439589e+00	5.120996e+00	2.218225e+00	9.837901e-01	-3.026207e-09	2.100022e+01	1.530044e+00	1.489999e+06	8.675993e-01	1.909912e-01	2.863668e+02	6.984386e+03	1.499631e+01	1.903443e+01	1.499690e+03	9.984445e-01	1.766971e-06	1.470852e-03	2.189164e-01	
1  1.24757e+15	1.275673e+00	9.439589e+00	5.120996e+00	2.218225e+00	9.837901e-01	-3.342746e-09	2.100018e+01	1.530046e+00	1.490000e+06	8.695874e-01	1.915798e-01	2.868354e+02	6.975268e+03	1.499565e+01	1.907072e+01	1.494641e+03	9.984459e-01	1.767072e-06	1.470852e-03	2.189164e-01	
1  1.24757e+15	1.275673e+00	9.439589e+00	5.120996e+00	2.218225e+00	9.837901e-01	-4.202657e-09	2.100017e+01	1.530046e+00	1.490000e+06	8.657632e-01	1.884042e-01	2.857682e+02	6.975235e+03	1.499665e+01	1.903532e+01	1.498957e+03	9.986032e-01	1.766978e-06	1.470852e-03	2.189164e-01	
2  1.24757e+15	1.275673e+00	9.439589e+00	5.120996e+00	2.218225e+00	9.837901e-01	-3.933634e-09	2.100019e+01	1.530050e+00	1.490000e+06	8.717606e-01	1.838203e-01	2.857050e+02	6.979243e+03	1.499652e+01	1.904781e+01	1.496251e+03	9.977850e-01	1.766495e-06	1.470852e-03	2.189164e-01	
1  1.24757e+15	1.275673e+00	9.439589e+00	5.120996e+00	2.218225e+00	9.837901e-01	-3.582970e-09	2.100023e+01	1.530052e+00	1.490000e+06	8.735040e-01	1.850483e-01	2.855559e+02	6.981663e+03	1.499712e+01	1.906605e+01	1.492035e+03	9.980290e-01	1.766342e-06	1.470852e-03	2.189164e-01	
2  1.24757e+15	1.275673e+00	9.439589e+00	5.120996e+00	2.218225e+00	9.837901e-01	-3.302535e-09	2.100021e+01	1.530054e+00	1.490000e+06	8.810555e-01	1.871987e-01	2.859441e+02	6.976363e+03	1.499720e+01	1.906139e+01	1.496478e+03	9.979159e-01	1.766555e-06	1.470852e-03	2.189164e-01	
3  1.24757e+15	1.275673e+00	9.439589e+00	5.120996e+00	2.218225e+00	9.837901e-01	-3.003206e-09	2.100019e+01	1.530055e+00	1.490000e+06	8.818576e-01	1.851059e-01	2.853271e+02	6.984187e+03	1.499655e+01	1.911067e+01	1.497357e+03	9.979759e-01	1.766133e-06	1.470852e-03	2.189164e-01	
1  1.24757e+15	1.275673e+00	9.439589e+00	5.120996e+00	2.218225e+00	9.837901e-01	-2.796757e-09	2.100021e+01	1.530055e+00	1.490000e+06	8.832330e-01	1.886608e-01	2.842384e+02	6.983538e+03	1.499625e+01	1.910181e+01	1.494750e+03	9.978888e-01	1.766076e-06	1.470852e-03	2.189164e-01	
1  1.24757e+15	1.275673e+00	9.439589e+00	5.120996e+00	2.218225e+00	9.837901e-01	-3.134661e-09	2.100018e+01	1.530057e+00	1.490000e+06	8.909185e-01	1.861373e-01	2.832230e+02	6.974142e+03	1.499664e+01	1.912624e+01	1.500320e+03	9.976895e-01	1.766224e-06	1.470852e-03	2.189164e-01	
2  1.24757e+15	1.275673e+00	9.439589e+00	5.120996e+00	2.218225e+00	9.837901e-01	-3.672499e-09	2.100017e+01	1.530056e+00	1.489999e+06	8.924684e-01	1.881988e-01	2.825647e+02	6.966970e+03	1.499743e+01	1.911685e+01	1.499823e+03	9.969336e-01	1.766794e-06	1.470852e-03	2.189164e-01	
2  1.24757e+15	1.275673e+00	9.439589e+00	5.120996e+00	2.218225e+00	9.837901e-01	-3.322642e-09	2.100019e+01	1.530060e+00	1.489999e+06	8.936145e-01	1.881772e-01	2.826561e+02	6.963110e+03	1.499688e+01	1.910228e+01	1.502342e+03	9.973384e-01	1.766762e-06	1.470852e-03	2.189164e-01	
1  1.24757e+15	1.275673e+00	9.439589e+00	5.120996e+00	2.218225e+00	9.837901e-01	-3.592397e-09	2.100025e+01	1.530062e+00	1.489998e+06	8.938119e-01	1.916886e-01	2.824561e+02	6.969528e+03	1.499720e+01	1.907973e+01	1.501020e+03	9.977269e-01	1.766779e-06	1.470852e-03	2.189164e-01	
3  1.24757e+15	1.275673e+00	9.439589e+00	5.120996e+00	2.218225e+00	9.837901e-01	-3.363621e-09	2.100029e+01	1.530061e+00	1.489998e+06	8.973748e-01	1.930986e-01	2.838924e+02	6.974847e+03	1.499794e+01	1.904934e+01	1.498413e+03	9.978200e-01	1.766526e-06	1.470852e-03	2.189164e-01	
3  1.24757e+15	1.275673e+00	9.439589e+00	5.120996e+00	2.218225e+00	9.837901e-01	-3.365698e-09	2.100029e+01	1.530064e+00	1.489998e+06	8.986953e-01	1.948485e-01	2.831643e+02	6.972466e+03	1.499781e+01	1.905342e+01	1.499928e+03	9.981825e-01	1.766190e-06	1.470852e-03	2.189164e-01	
1  1.24757e+15	1.275673e+00	9.439589e+00	5.120996e+00	2.218225e+00	9.837901e-01	-3.405183e-09	2.100025e+01	1.530067e+00	1.489998e+06	8.960746e-01	1.986145e-01	2.834761e+02	6.982810e+03	1.499885e+01	1.909509e+01	1.502663e+03	9.984469e-01	1.766039e-06	1.470852e-03	2.189164e-01	
3  1.24757e+15	1.275673e+00	9.439589e+00	5.120996e+00	2.218225e+00	9.837901e-01	-3.191810e-09	2.100030e+01	1.530070e+00	1.489997e+06	8.967154e-01	1.966468e-01	2.836283e+02	6.984452e+03	1.499935e+01	1.905505e+01	1.495352e+03	9.983999e-01	1.765630e-06	1.470852e-03	2.189164e-01	
1  1.24757e+15	1.275673e+00	9.439589e+00	5.120996e+00	2.218225e+00	9.837901e-01	-3.815922e-09	2.100025e+01	1.530067e+00	1.489997e+06	8.999995e-01	1.934685e-01	2.833357e+02	6.989621e+03	1.499921e+01	1.904213e+01	1.495821e+03	9.982297e-01	1.765291e-06	1.470852e-03	2.189164e-01	
1  1.24757e+15	1.275673e+00	9.439589e+00	5.120996e+00	2.218225e+00	9.837901e-01	-3.718922e-09	2.100027e+01	1.530068e+00	1.489998e+06	9.000632e-01	1.902147e-01	2.825844e+02	7.001493e+03	1.499867e+01	1.906936e+01	1.498450e+03	9.979512e-01	1.765713e-06	1.470852e-03	2.189164e-01	
1  1.24757e+15	1.275673e+00	9.439589e+00	5.120996e+00	2.218225e+00	9.837901e-01	-4.124063e-09	2.100029e+01	1.530065e+00	1.489998e+06	9.002124e-01	1.860304e-01	2.829671e+02	7.006956e+03	1.499799e+01	1.904202e+01	1.490359e+03	9.981060e-01	1.765752e-06	1.470852e-03	2.189164e-01	
