2  8.90074e+15	2.870577e-01	5.291126e+00	3.282807e+00	2.132359e+00	1.009846e+00	0.000000e+00	2.100000e+01	1.530000e+00	1.490000e+06	8.200000e-01	2.000000e-01	2.880000e+02	7.000000e+03	1.500000e+01	1.900000e+01	1.485330e+03	1.000000e+00	1.770000e-06	3.545667e-03	5.865439e-01	
1  1.1856e+11	-2.693792e+00	3.850982e+00	3.532363e+00	2.027520e+00	9.937599e-01	0.000000e+00	2.100000e+01	1.530000e+00	1.490000e+06	8.200000e-01	2.000000e-01	2.880000e+02	7.000000e+03	1.500000e+01	1.900000e+01	1.485330e+03	1.000000e+00	1.770000e-06	4.972132e-05	1.959586e-03	
7  28355.9	-4.837235e+00	6.947676e+00	3.992259e+00	2.053196e+00	9.972338e-01	0.000000e+00	2.100000e+01	1.530000e+00	1.490000e+06	8.200000e-01	2.000000e-01	2.880000e+02	7.000000e+03	1.500000e+01	1.900000e+01	1.485330e+03	1.000000e+00	1.770000e-06	9.450139e-09	1.068201e-06	
3  28250.5	-4.837235e+00	6.947676e+00	3.992259e+00	2.053196e+00	9.972338e-01	-3.404915e-10	2.099995e+01	1.530006e+00	1.490000e+06	8.215275e-01	1.995578e-01	2.877023e+02	7.006716e+03	1.499928e+01	1.897362e+01	1.488085e+03	1.000358e+00	1.770478e-06	9.450139e-09	1.068201e-06	
2  27812.5	-4.837235e+00	6.947676e+00	3.992259e+00	2.053196e+00	9.972338e-01	-4.388395e-10	2.099996e+01	1.530010e+00	1.490000e+06	8.287561e-01	1.981331e-01	2.875092e+02	7.006122e+03	1.500057e+01	1.893115e+01	1.494630e+03	1.000330e+00	1.770127e-06	9.450139e-09	1.068201e-06	
7  27521.7	-4.837235e+00	6.947676e+00	3.992259e+00	2.053196e+00	9.972338e-01	-7.828751e-10	2.099995e+01	1.530008e+00	1.490000e+06	8.328188e-01	2.007144e-01	2.877900e+02	7.006195e+03	1.499955e+01	1.888921e+01	1.491623e+03	1.000552e+00	1.769690e-06	9.450139e-09	1.068201e-06	
2  27453.9	-4.837235e+00	6.947676e+00	3.992259e+00	2.053196e+00	9.972338e-01	-1.001641e-09	2.099992e+01	1.530008e+00	1.490000e+06	8.335934e-01	2.004305e-01	2.875725e+02	7.011925e+03	1.499826e+01	1.889457e+01	1.492398e+03	1.000509e+00	1.769959e-06	9.450139e-09	1.068201e-06	
2  27076.3	-4.837235e+00	6.947676e+00	3.992259e+00	2.053196e+00	9.972338e-01	-1.792868e-09	2.099998e+01	1.530009e+00	1.490000e+06	8.370957e-01	2.014412e-01	2.881910e+02	7.019096e+03	1.499910e+01	1.891650e+01	1.492475e+03	1.000568e+00	1.769421e-06	9.450139e-09	1.068201e-06	
1  26958.5	-4.837235e+00	6.947676e+00	3.992259e+00	2.053196e+00	9.972338e-01	-1.677762e-09	2.100002e+01	1.530002e+00	1.490000e+06	8.430345e-01	2.053972e-01	2.878372e+02	7.019722e+03	1.499883e+01	1.894099e+01	1.486730e+03	1.000646e+00	1.769598e-06	9.450139e-09	1.068201e-06	
1  26815.3	-4.837235e+00	6.947676e+00	3.992259e+00	2.053196e+00	9.972338e-01	-1.678794e-09	2.100007e+01	1.530003e+00	1.489999e+06	8.382955e-01	2.011760e-01	2.876968e+02	7.027654e+03	1.499820e+01	1.893732e+01	1.491109e+03	1.000800e+00	1.768880e-06	9.450139e-09	1.068201e-06	
1  26807.3	-4.837235e+00	6.947676e+00	3.992259e+00	2.053196e+00	9.972338e-01	-7.512983e-10	2.100004e+01	1.530006e+00	1.489999e+06	8.380305e-01	1.999990e-01	2.877202e+02	7.030408e+03	1.499899e+01	1.896292e+01	1.491512e+03	1.000454e+00	1.768542e-06	9.450139e-09	1.068201e-06	
1  26305.3	-4.837235e+00	6.947676e+00	3.992259e+00	2.053196e+00	9.972338e-01	-8.757803e-10	2.099999e+01	1.530005e+00	1.489998e+06	8.424688e-01	2.000444e-01	2.872184e+02	7.038211e+03	1.499805e+01	1.902479e+01	1.493074e+03	9.998304e-01	1.768162e-06	9.450139e-09	1.068201e-06	
4  26168	-4.837235e+00	6.947676e+00	3.992259e+00	2.053196e+00	9.972338e-01	-8.694640e-10	2.100000e+01	1.530006e+00	1.489999e+06	8.472243e-01	1.973484e-01	2.878738e+02	7.032152e+03	1.499787e+01	1.893843e+01	1.497614e+03	9.995939e-01	1.768282e-06	9.450139e-09	1.068201e-06	
1  26122.5	-4.837235e+00	6.947676e+00	3.992259e+00	2.053196e+00	9.972338e-01	-9.833311e-10	2.100005e+01	1.530005e+00	1.489999e+06	8.491279e-01	2.009789e-01	2.885267e+02	7.034451e+03	1.499906e+01	1.899336e+01	1.499394e+03	9.994996e-01	1.768102e-06	9.450139e-09	1.068201e-06	
2  26070.2	-4.837235e+00	6.947676e+00	3.992259e+00	2.053196e+00	9.972338e-01	-9.345065e-10	2.099998e+01	1.530009e+00	1.489998e+06	8.514357e-01	2.068338e-01	2.883510e+02	7.039452e+03	1.499887e+01	1.902730e+01	1.492614e+03	9.995861e-01	1.768347e-06	9.450139e-09	1.068201e-06	
2  25856.3	-4.837235e+00	6.947676e+00	3.992259e+00	2.053196e+00	9.972338e-01	-1.106014e-09	2.099995e+01	1.530013e+00	1.489998e+06	8.517503e-01	2.064744e-01	2.879080e+02	7.039643e+03	1.499850e+01	1.903700e+01	1.494666e+03	9.995664e-01	1.767921e-06	9.450139e-09	1.068201e-06	
1  25721.2	-4.837235e+00	6.947676e+00	3.992259e+00	2.053196e+00	9.972338e-01	-1.173575e-09	2.099991e+01	1.530015e+00	1.489998e+06	8.560392e-01	2.079260e-01	2.881159e+02	7.034492e+03	1.499786e+01	1.913595e+01	1.496069e+03	9.997616e-01	1.768195e-06	9.450139e-09	1.068201e-06	
1  25599.8	-4.837235e+00	6.947676e+00	3.992259e+00	2.053196e+00	9.972338e-01	-1.461169e-09	2.099992e+01	1.530014e+00	1.489997e+06	8.590997e-01	2.122264e-01	2.886864e+02	7.035743e+03	1.499735e+01	1.910404e+01	1.493082e+03	9.999001e-01	1.768248e-06	9.450139e-09	1.068201e-06	
2  25289.4	-4.837235e+00	6.947676e+00	3.992259e+00	2.053196e+00	9.972338e-01	-1.365092e-09	2.099990e+01	1.530011e+00	1.489997e+06	8.644194e-01	2.083502e-01	2.895189e+02	7.038858e+03	1.499746e+01	1.912339e+01	1.491655e+03	9.995956e-01	1.767676e-06	9.450139e-09	1.068201e-06	
2  25219.6	-4.837235e+00	6.947676e+00	3.992259e+00	2.053196e+00	9.972338e-01	-1.556403e-09	2.099995e+01	1.530009e+00	1.489997e+06	8.652817e-01	2.094347e-01	2.892920e+02	7.042264e+03	1.499761e+01	1.913441e+01	1.488045e+03	9.994388e-01	1.767818e-06	9.450139e-09	1.068201e-06	
1  25095.5	-4.837235e+00	6.947676e+00	3.992259e+00	2.053196e+00	9.972338e-01	-1.586561e-09	2.099997e+01	1.530015e+00	1.489997e+06	8.679841e-01	2.133619e-01	2.887869e+02	7.034878e+03	1.499831e+01	1.920689e+01	1.488716e+03	9.986420e-01	1.768133e-06	9.450139e-09	1.068201e-06	
1  24962.2	-4.837235e+00	6.947676e+00	3.992259e+00	2.053196e+00	9.972338e-01	-2.082480e-09	2.099997e+01	1.530017e+00	1.489996e+06	8.677109e-01	2.124495e-01	2.896583e+02	7.043387e+03	1.499760e+01	1.925563e+01	1.485883e+03	9.986653e-01	1.767986e-06	9.450139e-09	1.068201e-06	
1  24933.5	-4.837235e+00	6.947676e+00	3.992259e+00	2.053196e+00	9.972338e-01	-2.920443e-09	2.099997e+01	1.530015e+00	1.489996e+06	8.651314e-01	2.183143e-01	2.880832e+02	7.039698e+03	1.499703e+01	1.925419e+01	1.483277e+03	9.989920e-01	1.768133e-06	9.450139e-09	1.068201e-06	
2  24886.9	-4.837235e+00	6.947676e+00	3.992259e+00	2.053196e+00	9.972338e-01	-2.554046e-09	2.099995e+01	1.530018e+00	1.489996e+06	8.693690e-01	2.149906e-01	2.887926e+02	7.041564e+03	1.499609e+01	1.927988e+01	1.484754e+03	9.995848e-01	1.768167e-06	9.450139e-09	1.068201e-06	
3  24616.7	-4.837235e+00	6.947676e+00	3.992259e+00	2.053196e+00	9.972338e-01	-2.577300e-09	2.099993e+01	1.530020e+00	1.489996e+06	8.771517e-01	2.164375e-01	2.903074e+02	7.048057e+03	1.499413e+01	1.926650e+01	1.488624e+03	9.997110e-01	1.767992e-06	9.450139e-09	1.068201e-06	
2  24457.8	-4.837235e+00	6.947676e+00	3.992259e+00	2.053196e+00	9.972338e-01	-2.298029e-09	2.099997e+01	1.530015e+00	1.489996e+06	8.809017e-01	2.096954e-01	2.902431e+02	7.046769e+03	1.499367e+01	1.923684e+01	1.488583e+03	9.993427e-01	1.768133e-06	9.450139e-09	1.068201e-06	
1  24381.4	-4.837235e+00	6.947676e+00	3.992259e+00	2.053196e+00	9.972338e-01	-2.326944e-09	2.099993e+01	1.530014e+00	1.489996e+06	8.774829e-01	2.054378e-01	2.896152e+02	7.041123e+03	1.499361e+01	1.924434e+01	1.483299e+03	9.991140e-01	1.767795e-06	9.450139e-09	1.068201e-06	
2  24347.2	-4.837235e+00	6.947676e+00	3.992259e+00	2.053196e+00	9.972338e-01	-2.504918e-09	2.099994e+01	1.530013e+00	1.489996e+06	8.781273e-01	2.022076e-01	2.886745e+02	7.030926e+03	1.499361e+01	1.921463e+01	1.485231e+03	9.993235e-01	1.767953e-06	9.450139e-09	1.068201e-06	
2  24104.8	-4.837235e+00	6.947676e+00	3.992259e+00	2.053196e+00	9.972338e-01	-2.797380e-09	2.099991e+01	1.530015e+00	1.489995e+06	8.803729e-01	2.040279e-01	2.885509e+02	7.022464e+03	1.499428e+01	1.920107e+01	1.484575e+03	9.993843e-01	1.767284e-06	9.450139e-09	1.068201e-06	
1  24074.6	-4.837235e+00	6.947676e+00	3.992259e+00	2.053196e+00	9.972338e-01	-2.233199e-09	2.099989e+01	1.530018e+00	1.489995e+06	8.846113e-01	2.033991e-01	2.900092e+02	7.028520e+03	1.499447e+01	1.924833e+01	1.485657e+03	1.000451e+00	1.767106e-06	9.450139e-09	1.068201e-06	
1  24044.9	-4.837235e+00	6.947676e+00	3.992259e+00	2.053196e+00	9.972338e-01	-2.599520e-09	2.099987e+01	1.530020e+00	1.489995e+06	8.854309e-01	2.084506e-01	2.894169e+02	7.028380e+03	1.499533e+01	1.926058e+01	1.483431e+03	1.000726e+00	1.767279e-06	9.450139e-09	1.068201e-06	
3  24002.5	-4.837235e+00	6.947676e+00	3.992259e+00	2.053196e+00	9.972338e-01	-2.440109e-09	2.099989e+01	1.530015e+00	1.489995e+06	8.874996e-01	2.036148e-01	2.907795e+02	7.030365e+03	1.499560e+01	1.922166e+01	1.480967e+03	1.000273e+00	1.766925e-06	9.450139e-09	1.068201e-06	
1  23930.2	-4.837235e+00	6.947676e+00	3.992259e+00	2.053196e+00	9.972338e-01	-2.580229e-09	2.099992e+01	1.530014e+00	1.489995e+06	8.912671e-01	2.027702e-01	2.907860e+02	7.035208e+03	1.499509e+01	1.923334e+01	1.482753e+03	1.000899e+00	1.767098e-06	9.450139e-09	1.068201e-06	
2  23909.1	-4.837235e+00	6.947676e+00	3.992259e+00	2.053196e+00	9.972338e-01	-2.522302e-09	2.099994e+01	1.530015e+00	1.489995e+06	8.895039e-01	2.069012e-01	2.902719e+02	7.037663e+03	1.499484e+01	1.924191e+01	1.483906e+03	1.001018e+00	1.766750e-06	9.450139e-09	1.068201e-06	
2  23773.6	-4.837235e+00	6.947676e+00	3.992259e+00	2.053196e+00	9.972338e-01	-2.787028e-09	2.099995e+01	1.530019e+00	1.489995e+06	8.919469e-01	2.020327e-01	2.905916e+02	7.031500e+03	1.499441e+01	1.927639e+01	1.487764e+03	1.001163e+00	1.766850e-06	9.450139e-09	1.068201e-06	
1  23494.9	-4.837235e+00	6.947676e+00	3.992259e+00	2.053196e+00	9.972338e-01	-3.159722e-09	2.099996e+01	1.530017e+00	1.489995e+06	9.004057e-01	1.995176e-01	2.907775e+02	7.032213e+03	1.499432e+01	1.930972e+01	1.488798e+03	1.001424e+00	1.766944e-06	9.450139e-09	1.068201e-06	
2  23386.1	-4.837235e+00	6.947676e+00	3.992259e+00	2.053196e+00	9.972338e-01	-3.302980e-09	2.099998e+01	1.530019e+00	1.489995e+06	9.015580e-01	2.010417e-01	2.902272e+02	7.031608e+03	1.499401e+01	1.926935e+01	1.494383e+03	1.001580e+00	1.766833e-06	9.450139e-09	1.068201e-06	
2  23259.2	-4.837235e+00	6.947676e+00	3.992259e+00	2.053196e+00	9.972338e-01	-3.970865e-09	2.100003e+01	1.530020e+00	1.489995e+06	9.037396e-01	2.023984e-01	2.900723e+02	7.020892e+03	1.499356e+01	1.932851e+01	1.497835e+03	1.001253e+00	1.766560e-06	9.450139e-09	1.068201e-06	
3  23231.5	-4.837235e+00	6.947676e+00	3.992259e+00	2.053196e+00	9.972338e-01	-4.172419e-09	2.100004e+01	1.530021e+00	1.489995e+06	9.088367e-01	2.070515e-01	2.906530e+02	7.028157e+03	1.499347e+01	1.933554e+01	1.496526e+03	1.001273e+00	1.766755e-06	9.450139e-09	1.068201e-06	
1  23053.1	-4.837235e+00	6.947676e+00	3.992259e+00	2.053196e+00	9.972338e-01	-4.419359e-09	2.100007e+01	1.530017e+00	1.489995e+06	9.076472e-01	2.022342e-01	2.916909e+02	7.033196e+03	1.499444e+01	1.927390e+01	1.491040e+03	1.001230e+00	1.766135e-06	9.450139e-09	1.068201e-06	
1  23040.7	-4.837235e+00	6.947676e+00	3.992259e+00	2.053196e+00	9.972338e-01	-4.532154e-09	2.100010e+01	1.530014e+00	1.489995e+06	9.088857e-01	2.009906e-01	2.921158e+02	7.036037e+03	1.499447e+01	1.925579e+01	1.497810e+03	1.001429e+00	1.766427e-06	9.450139e-09	1.068201e-06	
2  22748.8	-4.837235e+00	6.947676e+00	3.992259e+00	2.053196e+00	9.972338e-01	-4.511600e-09	2.100007e+01	1.530013e+00	1.489995e+06	9.108998e-01	2.013651e-01	2.907802e+02	7.033420e+03	1.499468e+01	1.925851e+01	1.497447e+03	1.001365e+00	1.765906e-06	9.450139e-09	1.068201e-06	
3  22594.7	-4.837235e+00	6.947676e+00	3.992259e+00	2.053196e+00	9.972338e-01	-4.836086e-09	2.100009e+01	1.530012e+00	1.489994e+06	9.130239e-01	1.969029e-01	2.903931e+02	7.025482e+03	1.499524e+01	1.925496e+01	1.497604e+03	1.001691e+00	1.765990e-06	9.450139e-09	1.068201e-06	
1  22538.7	-4.837235e+00	6.947676e+00	3.992259e+00	2.053196e+00	9.972338e-01	-5.094475e-09	2.100007e+01	1.530012e+00	1.489994e+06	9.102546e-01	1.915117e-01	2.906081e+02	7.039457e+03	1.499526e+01	1.922812e+01	1.497487e+03	1.001805e+00	1.766136e-06	9.450139e-09	1.068201e-06	
1  22423.6	-4.837235e+00	6.947676e+00	3.992259e+00	2.053196e+00	9.972338e-01	-5.030102e-09	2.100008e+01	1.530016e+00	1.489994e+06	9.122252e-01	1.885114e-01	2.898121e+02	7.041328e+03	1.499646e+01	1.915122e+01	1.495667e+03	1.001726e+00	1.766202e-06	9.450139e-09	1.068201e-06	
1  22220.9	-4.837235e+00	6.947676e+00	3.992259e+00	2.053196e+00	9.972338e-01	-5.312598e-09	2.100001e+01	1.530020e+00	1.489994e+06	9.131159e-01	1.891762e-01	2.893356e+02	7.042237e+03	1.499566e+01	1.912162e+01	1.496184e+03	1.001551e+00	1.766104e-06	9.450139e-09	1.068201e-06	
4  22183.3	-4.837235e+00	6.947676e+00	3.992259e+00	2.053196e+00	9.972338e-01	-5.159088e-09	2.099998e+01	1.530021e+00	1.489994e+06	9.110926e-01	1.846844e-01	2.891991e+02	7.044903e+03	1.499624e+01	1.913807e+01	1.496292e+03	1.001170e+00	1.766016e-06	9.450139e-09	1.068201e-06	
8  22092	-4.837235e+00	6.947676e+00	3.992259e+00	2.053196e+00	9.972338e-01	-5.511091e-09	2.099990e+01	1.530021e+00	1.489994e+06	9.110953e-01	1.789425e-01	2.895061e+02	7.056943e+03	1.499655e+01	1.916860e+01	1.502081e+03	1.001603e+00	1.766331e-06	9.450139e-09	1.068201e-06	
