1  2.15387e+14	-1.169655e+00	3.549127e+00	3.665086e-01	2.151957e+00	9.963989e-01	0.000000e+00	2.100000e+01	1.530000e+00	1.490000e+06	8.200000e-01	2.000000e-01	2.880000e+02	7.000000e+03	1.500000e+01	1.900000e+01	1.485330e+03	1.000000e+00	1.770000e-06	5.220905e-06	9.378913e-02	
5  8.76563e+12	-2.125437e+00	1.500347e+00	2.365580e+00	2.322407e+00	1.000805e+00	0.000000e+00	2.100000e+01	1.530000e+00	1.490000e+06	8.200000e-01	2.000000e-01	2.880000e+02	7.000000e+03	1.500000e+01	1.900000e+01	1.485330e+03	1.000000e+00	1.770000e-06	1.360788e-03	1.150973e-02	
2  8.76563e+12	-2.125437e+00	1.500347e+00	2.365580e+00	2.322407e+00	1.000805e+00	-1.736702e-10	2.099992e+01	1.530001e+00	1.490000e+06	8.238194e-01	2.018971e-01	2.877412e+02	7.000153e+03	1.500118e+01	1.901368e+01	1.481759e+03	9.998700e-01	1.770108e-06	1.360788e-03	1.150973e-02	
2  8.76563e+12	-2.125437e+00	1.500347e+00	2.365580e+00	2.322407e+00	1.000805e+00	-3.244595e-10	2.099996e+01	1.530003e+00	1.490000e+06	8.209990e-01	1.992679e-01	2.877931e+02	6.997117e+03	1.500065e+01	1.898927e+01	1.476712e+03	1.000210e+00	1.770084e-06	1.360788e-03	1.150973e-02	
2  8.76563e+12	-2.125437e+00	1.500347e+00	2.365580e+00	2.322407e+00	1.000805e+00	2.750344e-11	2.099996e+01	1.530009e+00	1.489999e+06	8.178338e-01	2.008328e-01	2.869390e+02	6.997017e+03	1.500041e+01	1.894858e+01	1.479384e+03	1.000568e+00	1.770041e-06	1.360788e-03	1.150973e-02	
1  8.76563e+12	-2.125437e+00	1.500347e+00	2.365580e+00	2.322407e+00	1.000805e+00	1.984582e-10	2.099998e+01	1.530009e+00	1.489998e+06	8.193929e-01	2.008882e-01	2.871461e+02	6.989400e+03	1.500126e+01	1.896292e+01	1.483250e+03	1.000352e+00	1.769993e-06	1.360788e-03	1.150973e-02	
1  8.76562e+12	-2.125437e+00	1.500347e+00	2.365580e+00	2.322407e+00	1.000805e+00	-3.015759e-11	2.099995e+01	1.530007e+00	1.489998e+06	8.224877e-01	2.015772e-01	2.871429e+02	6.986701e+03	1.500166e+01	1.896588e+01	1.483313e+03	1.000730e+00	1.769412e-06	1.360788e-03	1.150973e-02	
2  8.76562e+12	-2.125437e+00	1.500347e+00	2.365580e+00	2.322407e+00	1.000805e+00	-3.552892e-10	2.099999e+01	1.530007e+00	1.489999e+06	8.225191e-01	1.993766e-01	2.870980e+02	6.981643e+03	1.500090e+01	1.900010e+01	1.478912e+03	1.001000e+00	1.769348e-06	1.360788e-03	1.150973e-02	
3  8.76562e+12	-2.125437e+00	1.500347e+00	2.365580e+00	2.322407e+00	1.000805e+00	-3.582290e-10	2.100002e+01	1.530005e+00	1.489999e+06	8.224405e-01	2.009031e-01	2.876618e+02	6.988258e+03	1.500023e+01	1.896242e+01	1.477226e+03	1.000631e+00	1.769086e-06	1.360788e-03	1.150973e-02	
2  8.76562e+12	-2.125437e+00	1.500347e+00	2.365580e+00	2.322407e+00	1.000805e+00	-1.936987e-10	2.100002e+01	1.530012e+00	1.489999e+06	8.248227e-01	1.973262e-01	2.884165e+02	6.981620e+03	1.499971e+01	1.896001e+01	1.479262e+03	1.000292e+00	1.769591e-06	1.360788e-03	1.150973e-02	
1  8.76562e+12	-2.125437e+00	1.500347e+00	2.365580e+00	2.322407e+00	1.000805e+00	-1.099606e-10	2.100002e+01	1.530012e+00	1.489999e+06	8.229497e-01	1.923043e-01	2.875031e+02	6.986495e+03	1.499973e+01	1.903908e+01	1.483354e+03	1.000393e+00	1.769580e-06	1.360788e-03	1.150973e-02	
2  8.76561e+12	-2.125437e+00	1.500347e+00	2.365580e+00	2.322407e+00	1.000805e+00	-5.184907e-10	2.099995e+01	1.530016e+00	1.489999e+06	8.278724e-01	1.918468e-01	2.879864e+02	6.993156e+03	1.499962e+01	1.898977e+01	1.484299e+03	1.000329e+00	1.769134e-06	1.360788e-03	1.150973e-02	
1  8.7656e+12	-2.125437e+00	1.500347e+00	2.365580e+00	2.322407e+00	1.000805e+00	-5.263452e-10	2.099999e+01	1.530020e+00	1.489999e+06	8.334702e-01	1.955066e-01	2.885137e+02	6.989330e+03	1.499931e+01	1.897070e+01	1.484971e+03	1.000494e+00	1.768886e-06	1.360788e-03	1.150973e-02	
1  8.7656e+12	-2.125437e+00	1.500347e+00	2.365580e+00	2.322407e+00	1.000805e+00	6.992473e-11	2.100001e+01	1.530026e+00	1.490000e+06	8.338342e-01	1.987948e-01	2.883899e+02	6.992581e+03	1.500048e+01	1.901961e+01	1.483651e+03	1.000012e+00	1.768674e-06	1.360788e-03	1.150973e-02	
1  8.7656e+12	-2.125437e+00	1.500347e+00	2.365580e+00	2.322407e+00	1.000805e+00	-4.191854e-10	2.100001e+01	1.530026e+00	1.489999e+06	8.406633e-01	1.956792e-01	2.875267e+02	6.982440e+03	1.500089e+01	1.899655e+01	1.479299e+03	1.000257e+00	1.768554e-06	1.360788e-03	1.150973e-02	
11  8.76559e+12	-2.125437e+00	1.500347e+00	2.365580e+00	2.322407e+00	1.000805e+00	-6.462041e-10	2.100001e+01	1.530026e+00	1.489999e+06	8.443869e-01	1.989057e-01	2.876601e+02	6.995975e+03	1.500186e+01	1.903494e+01	1.484474e+03	1.000330e+00	1.768307e-06	1.360788e-03	1.150973e-02	
1  8.76559e+12	-2.125437e+00	1.500347e+00	2.365580e+00	2.322407e+00	1.000805e+00	-3.387965e-10	2.099995e+01	1.530028e+00	1.489999e+06	8.495798e-01	2.035383e-01	2.871554e+02	6.993754e+03	1.500163e+01	1.907756e+01	1.489378e+03	1.000582e+00	1.768527e-06	1.360788e-03	1.150973e-02	
1  8.76558e+12	-2.125437e+00	1.500347e+00	2.365580e+00	2.322407e+00	1.000805e+00	3.256441e-10	2.099999e+01	1.530030e+00	1.489999e+06	8.588441e-01	1.992732e-01	2.870575e+02	7.001284e+03	1.500172e+01	1.908444e+01	1.489886e+03	1.000111e+00	1.768189e-06	1.360788e-03	1.150973e-02	
2  8.76558e+12	-2.125437e+00	1.500347e+00	2.365580e+00	2.322407e+00	1.000805e+00	-2.829316e-10	2.100001e+01	1.530031e+00	1.489999e+06	8.539146e-01	1.993177e-01	2.868118e+02	6.999564e+03	1.500143e+01	1.915999e+01	1.488175e+03	9.999876e-01	1.768030e-06	1.360788e-03	1.150973e-02	
1  8.76558e+12	-2.125437e+00	1.500347e+00	2.365580e+00	2.322407e+00	1.000805e+00	-3.542760e-10	2.100001e+01	1.530031e+00	1.489999e+06	8.514225e-01	1.946891e-01	2.868530e+02	6.999159e+03	1.500166e+01	1.915426e+01	1.490662e+03	9.996811e-01	1.767628e-06	1.360788e-03	1.150973e-02	
1  8.76557e+12	-2.125437e+00	1.500347e+00	2.365580e+00	2.322407e+00	1.000805e+00	-6.936406e-10	2.100001e+01	1.530034e+00	1.489999e+06	8.517299e-01	1.962988e-01	2.870428e+02	6.994155e+03	1.500162e+01	1.914089e+01	1.488051e+03	9.991935e-01	1.766964e-06	1.360788e-03	1.150973e-02	
3  8.76557e+12	-2.125437e+00	1.500347e+00	2.365580e+00	2.322407e+00	1.000805e+00	-2.947038e-10	2.100007e+01	1.530035e+00	1.489999e+06	8.513540e-01	1.948927e-01	2.856229e+02	6.996907e+03	1.500267e+01	1.913651e+01	1.490704e+03	9.991346e-01	1.766975e-06	1.360788e-03	1.150973e-02	
3  8.76557e+12	-2.125437e+00	1.500347e+00	2.365580e+00	2.322407e+00	1.000805e+00	-2.775923e-10	2.100008e+01	1.530038e+00	1.489999e+06	8.539755e-01	1.942066e-01	2.855577e+02	6.989383e+03	1.500311e+01	1.917709e+01	1.487886e+03	9.993822e-01	1.766606e-06	1.360788e-03	1.150973e-02	
2  8.76556e+12	-2.125437e+00	1.500347e+00	2.365580e+00	2.322407e+00	1.000805e+00	-3.535254e-10	2.100006e+01	1.530035e+00	1.489998e+06	8.563216e-01	1.881280e-01	2.870039e+02	6.992236e+03	1.500193e+01	1.916678e+01	1.489657e+03	9.998180e-01	1.766645e-06	1.360788e-03	1.150973e-02	
1  8.76556e+12	-2.125437e+00	1.500347e+00	2.365580e+00	2.322407e+00	1.000805e+00	-2.778089e-10	2.100000e+01	1.530038e+00	1.489998e+06	8.539533e-01	1.875840e-01	2.881184e+02	7.000172e+03	1.500280e+01	1.916013e+01	1.487062e+03	9.994591e-01	1.766016e-06	1.360788e-03	1.150973e-02	
2  8.76556e+12	-2.125437e+00	1.500347e+00	2.365580e+00	2.322407e+00	1.000805e+00	-6.614819e-10	2.099998e+01	1.530040e+00	1.489998e+06	8.557848e-01	1.881320e-01	2.863059e+02	7.004409e+03	1.500243e+01	1.916087e+01	1.487362e+03	9.984002e-01	1.765954e-06	1.360788e-03	1.150973e-02	
2  8.76556e+12	-2.125437e+00	1.500347e+00	2.365580e+00	2.322407e+00	1.000805e+00	-8.143715e-10	2.100001e+01	1.530042e+00	1.489999e+06	8.531227e-01	1.846816e-01	2.865184e+02	7.012555e+03	1.500272e+01	1.917361e+01	1.488780e+03	9.981644e-01	1.765608e-06	1.360788e-03	1.150973e-02	
3  8.76555e+12	-2.125437e+00	1.500347e+00	2.365580e+00	2.322407e+00	1.000805e+00	-1.091166e-09	2.100002e+01	1.530045e+00	1.489999e+06	8.509364e-01	1.854453e-01	2.863953e+02	7.006637e+03	1.500335e+01	1.915997e+01	1.483383e+03	9.981516e-01	1.765286e-06	1.360788e-03	1.150973e-02	
2  8.76555e+12	-2.125437e+00	1.500347e+00	2.365580e+00	2.322407e+00	1.000805e+00	-1.513317e-09	2.100004e+01	1.530050e+00	1.489999e+06	8.530505e-01	1.783546e-01	2.861086e+02	7.017517e+03	1.500266e+01	1.916056e+01	1.483529e+03	9.984415e-01	1.765068e-06	1.360788e-03	1.150973e-02	
1  8.76554e+12	-2.125437e+00	1.500347e+00	2.365580e+00	2.322407e+00	1.000805e+00	-1.595205e-09	2.099998e+01	1.530051e+00	1.489998e+06	8.605570e-01	1.799640e-01	2.859028e+02	7.014469e+03	1.500297e+01	1.916402e+01	1.484998e+03	9.984407e-01	1.765596e-06	1.360788e-03	1.150973e-02	
2  8.76554e+12	-2.125437e+00	1.500347e+00	2.365580e+00	2.322407e+00	1.000805e+00	-1.457330e-09	2.099996e+01	1.530057e+00	1.489999e+06	8.631664e-01	1.773716e-01	2.858008e+02	7.017910e+03	1.500122e+01	1.915836e+01	1.480899e+03	9.985605e-01	1.765770e-06	1.360788e-03	1.150973e-02	
1  8.76553e+12	-2.125437e+00	1.500347e+00	2.365580e+00	2.322407e+00	1.000805e+00	-1.342033e-09	2.099993e+01	1.530059e+00	1.489999e+06	8.717090e-01	1.791741e-01	2.862554e+02	7.015526e+03	1.500141e+01	1.914624e+01	1.480216e+03	9.982373e-01	1.765134e-06	1.360788e-03	1.150973e-02	
2  8.76553e+12	-2.125437e+00	1.500347e+00	2.365580e+00	2.322407e+00	1.000805e+00	-1.767566e-09	2.099985e+01	1.530066e+00	1.489999e+06	8.757021e-01	1.818994e-01	2.862231e+02	7.020455e+03	1.500101e+01	1.911528e+01	1.482658e+03	9.980481e-01	1.764871e-06	1.360788e-03	1.150973e-02	
3  8.76553e+12	-2.125437e+00	1.500347e+00	2.365580e+00	2.322407e+00	1.000805e+00	-1.959471e-09	2.099983e+01	1.530068e+00	1.489999e+06	8.751444e-01	1.809266e-01	2.858647e+02	7.020752e+03	1.500044e+01	1.912501e+01	1.483044e+03	9.979588e-01	1.765119e-06	1.360788e-03	1.150973e-02	
1  8.76552e+12	-2.125437e+00	1.500347e+00	2.365580e+00	2.322407e+00	1.000805e+00	-1.839636e-09	2.099986e+01	1.530067e+00	1.489999e+06	8.798295e-01	1.772880e-01	2.861950e+02	7.015411e+03	1.500017e+01	1.913862e+01	1.481971e+03	9.976712e-01	1.764973e-06	1.360788e-03	1.150973e-02	
1  8.76552e+12	-2.125437e+00	1.500347e+00	2.365580e+00	2.322407e+00	1.000805e+00	-1.374071e-09	2.099988e+01	1.530071e+00	1.490000e+06	8.830526e-01	1.750099e-01	2.860877e+02	7.006202e+03	1.500041e+01	1.919305e+01	1.482575e+03	9.978611e-01	1.765061e-06	1.360788e-03	1.150973e-02	
2  8.76552e+12	-2.125437e+00	1.500347e+00	2.365580e+00	2.322407e+00	1.000805e+00	-1.395699e-09	2.099990e+01	1.530071e+00	1.490000e+06	8.856642e-01	1.708761e-01	2.856920e+02	7.004558e+03	1.499997e+01	1.916721e+01	1.482235e+03	9.982243e-01	1.764828e-06	1.360788e-03	1.150973e-02	
1  8.76551e+12	-2.125437e+00	1.500347e+00	2.365580e+00	2.322407e+00	1.000805e+00	-1.641029e-09	2.099991e+01	1.530074e+00	1.489999e+06	8.850077e-01	1.666060e-01	2.859018e+02	7.000223e+03	1.499871e+01	1.919124e+01	1.479913e+03	9.979562e-01	1.764932e-06	1.360788e-03	1.150973e-02	
2  8.76551e+12	-2.125437e+00	1.500347e+00	2.365580e+00	2.322407e+00	1.000805e+00	-1.784900e-09	2.099983e+01	1.530073e+00	1.490000e+06	8.811960e-01	1.689414e-01	2.867890e+02	7.011025e+03	1.499791e+01	1.921459e+01	1.479246e+03	9.978104e-01	1.764145e-06	1.360788e-03	1.150973e-02	
4  8.76551e+12	-2.125437e+00	1.500347e+00	2.365580e+00	2.322407e+00	1.000805e+00	-1.779112e-09	2.099983e+01	1.530071e+00	1.489999e+06	8.807480e-01	1.660687e-01	2.863041e+02	7.014161e+03	1.499802e+01	1.923941e+01	1.481414e+03	9.976746e-01	1.763785e-06	1.360788e-03	1.150973e-02	
3  8.76551e+12	-2.125437e+00	1.500347e+00	2.365580e+00	2.322407e+00	1.000805e+00	-2.062881e-09	2.099978e+01	1.530069e+00	1.489999e+06	8.818144e-01	1.660969e-01	2.852786e+02	7.014191e+03	1.499794e+01	1.923199e+01	1.482823e+03	9.974741e-01	1.764071e-06	1.360788e-03	1.150973e-02	
1  8.76551e+12	-2.125437e+00	1.500347e+00	2.365580e+00	2.322407e+00	1.000805e+00	-1.525223e-09	2.099978e+01	1.530073e+00	1.489999e+06	8.848058e-01	1.707383e-01	2.853809e+02	7.004626e+03	1.499679e+01	1.922526e+01	1.483746e+03	9.972937e-01	1.763908e-06	1.360788e-03	1.150973e-02	
1  8.76551e+12	-2.125437e+00	1.500347e+00	2.365580e+00	2.322407e+00	1.000805e+00	-1.433660e-09	2.099984e+01	1.530077e+00	1.489999e+06	8.843113e-01	1.663526e-01	2.850804e+02	6.989691e+03	1.499654e+01	1.922078e+01	1.480661e+03	9.975335e-01	1.764045e-06	1.360788e-03	1.150973e-02	
2  8.76551e+12	-2.125437e+00	1.500347e+00	2.365580e+00	2.322407e+00	1.000805e+00	-1.119994e-09	2.099980e+01	1.530076e+00	1.489999e+06	8.875613e-01	1.677996e-01	2.853694e+02	6.988300e+03	1.499680e+01	1.921301e+01	1.475442e+03	9.973439e-01	1.763570e-06	1.360788e-03	1.150973e-02	
1  8.7655e+12	-2.125437e+00	1.500347e+00	2.365580e+00	2.322407e+00	1.000805e+00	-1.585156e-09	2.099981e+01	1.530079e+00	1.489999e+06	8.861532e-01	1.662230e-01	2.855753e+02	6.989456e+03	1.499744e+01	1.924830e+01	1.478041e+03	9.969480e-01	1.762945e-06	1.360788e-03	1.150973e-02	
1  8.76549e+12	-2.125437e+00	1.500347e+00	2.365580e+00	2.322407e+00	1.000805e+00	-1.353663e-09	2.099977e+01	1.530078e+00	1.489999e+06	8.958758e-01	1.608613e-01	2.854755e+02	6.998455e+03	1.499739e+01	1.923696e+01	1.479102e+03	9.971366e-01	1.763090e-06	1.360788e-03	1.150973e-02	
5  8.76549e+12	-2.125437e+00	1.500347e+00	2.365580e+00	2.322407e+00	1.000805e+00	-9.756894e-10	2.099979e+01	1.530082e+00	1.489998e+06	8.946417e-01	1.574288e-01	2.855402e+02	6.998095e+03	1.499739e+01	1.922511e+01	1.476283e+03	9.971816e-01	1.763263e-06	1.360788e-03	1.150973e-02	
2  8.76549e+12	-2.125437e+00	1.500347e+00	2.365580e+00	2.322407e+00	1.000805e+00	-1.014739e-09	2.099975e+01	1.530087e+00	1.489998e+06	8.920481e-01	1.538774e-01	2.856449e+02	7.000273e+03	1.499755e+01	1.920152e+01	1.475817e+03	9.972671e-01	1.763081e-06	1.360788e-03	1.150973e-02	
2  8.76549e+12	-2.125437e+00	1.500347e+00	2.365580e+00	2.322407e+00	1.000805e+00	-1.026734e-09	2.099978e+01	1.530088e+00	1.489997e+06	8.953969e-01	1.512665e-01	2.861016e+02	6.999127e+03	1.499781e+01	1.921335e+01	1.481179e+03	9.976769e-01	1.763179e-06	1.360788e-03	1.150973e-02	
