4  2.61747e+10	-1.472859e+00	6.759438e+00	3.117193e+00	2.245658e+00	1.008185e+00	0.000000e+00	2.100000e+01	1.530000e+00	1.490000e+06	8.200000e-01	2.000000e-01	2.880000e+02	7.000000e+03	1.500000e+01	1.900000e+01	1.485330e+03	1.000000e+00	1.770000e-06	1.166777e-06	1.028842e-03	
1  736681	-3.638830e+00	5.653404e+00	1.811650e+00	2.264936e+00	1.017061e+00	0.000000e+00	2.100000e+01	1.530000e+00	1.490000e+06	8.200000e-01	2.000000e-01	2.880000e+02	7.000000e+03	1.500000e+01	1.900000e+01	1.485330e+03	1.000000e+00	1.770000e-06	5.030527e-09	5.498952e-06	
4  735901	-3.638830e+00	5.653404e+00	1.811650e+00	2.264936e+00	1.017061e+00	-9.930335e-11	2.099999e+01	1.530000e+00	1.490000e+06	8.205607e-01	1.989771e-01	2.870990e+02	7.003878e+03	1.499951e+01	1.902667e+01	1.483259e+03	9.999347e-01	1.770028e-06	5.030527e-09	5.498952e-06	
1  734081	-3.638830e+00	5.653404e+00	1.811650e+00	2.264936e+00	1.017061e+00	-4.196622e-10	2.099993e+01	1.530004e+00	1.490000e+06	8.244527e-01	2.003276e-01	2.871922e+02	7.005283e+03	1.499946e+01	1.906407e+01	1.487880e+03	1.000012e+00	1.769804e-06	5.030527e-09	5.498952e-06	
12  732694	-3.638830e+00	5.653404e+00	1.811650e+00	2.264936e+00	1.017061e+00	-4.690168e-10	2.099997e+01	1.530007e+00	1.490000e+06	8.311425e-01	2.046257e-01	2.878293e+02	7.005593e+03	1.499976e+01	1.908648e+01	1.493191e+03	9.999874e-01	1.769876e-06	5.030527e-09	5.498952e-06	
1  732477	-3.638830e+00	5.653404e+00	1.811650e+00	2.264936e+00	1.017061e+00	-4.519411e-10	2.099996e+01	1.530017e+00	1.490000e+06	8.283262e-01	2.030692e-01	2.871120e+02	7.014263e+03	1.499986e+01	1.909015e+01	1.488203e+03	1.000820e+00	1.769906e-06	5.030527e-09	5.498952e-06	
1  732418	-3.638830e+00	5.653404e+00	1.811650e+00	2.264936e+00	1.017061e+00	-1.245116e-09	2.099999e+01	1.530012e+00	1.490000e+06	8.252646e-01	2.061114e-01	2.874958e+02	7.009904e+03	1.499920e+01	1.907960e+01	1.490241e+03	1.000896e+00	1.769388e-06	5.030527e-09	5.498952e-06	
3  732076	-3.638830e+00	5.653404e+00	1.811650e+00	2.264936e+00	1.017061e+00	-8.576043e-10	2.099999e+01	1.530013e+00	1.490000e+06	8.218194e-01	2.032773e-01	2.881688e+02	7.020016e+03	1.500009e+01	1.907914e+01	1.490216e+03	1.000834e+00	1.768550e-06	5.030527e-09	5.498952e-06	
2  730737	-3.638830e+00	5.653404e+00	1.811650e+00	2.264936e+00	1.017061e+00	-1.289667e-09	2.100004e+01	1.530012e+00	1.489999e+06	8.246117e-01	2.052716e-01	2.884142e+02	7.017572e+03	1.500035e+01	1.912822e+01	1.487218e+03	1.000338e+00	1.768316e-06	5.030527e-09	5.498952e-06	
3  730513	-3.638830e+00	5.653404e+00	1.811650e+00	2.264936e+00	1.017061e+00	-1.387176e-09	2.100009e+01	1.530007e+00	1.489999e+06	8.263040e-01	2.066878e-01	2.885892e+02	7.019046e+03	1.499999e+01	1.917078e+01	1.486767e+03	1.000671e+00	1.768184e-06	5.030527e-09	5.498952e-06	
4  729306	-3.638830e+00	5.653404e+00	1.811650e+00	2.264936e+00	1.017061e+00	-1.337550e-09	2.100008e+01	1.530003e+00	1.489999e+06	8.300446e-01	2.028617e-01	2.888628e+02	7.035070e+03	1.500068e+01	1.914029e+01	1.489742e+03	1.000601e+00	1.768073e-06	5.030527e-09	5.498952e-06	
7  728918	-3.638830e+00	5.653404e+00	1.811650e+00	2.264936e+00	1.017061e+00	-8.841983e-10	2.100006e+01	1.530009e+00	1.490000e+06	8.313562e-01	2.007844e-01	2.893636e+02	7.038374e+03	1.500181e+01	1.912136e+01	1.491301e+03	1.000005e+00	1.767906e-06	5.030527e-09	5.498952e-06	
1  727709	-3.638830e+00	5.653404e+00	1.811650e+00	2.264936e+00	1.017061e+00	-1.098699e-09	2.100004e+01	1.530009e+00	1.490000e+06	8.309543e-01	2.004938e-01	2.898467e+02	7.051048e+03	1.500203e+01	1.914677e+01	1.491676e+03	9.997433e-01	1.767439e-06	5.030527e-09	5.498952e-06	
2  726414	-3.638830e+00	5.653404e+00	1.811650e+00	2.264936e+00	1.017061e+00	-1.289508e-09	2.100008e+01	1.530009e+00	1.490000e+06	8.336487e-01	1.989408e-01	2.891337e+02	7.051448e+03	1.500148e+01	1.913959e+01	1.490973e+03	9.994222e-01	1.767258e-06	5.030527e-09	5.498952e-06	
3  726229	-3.638830e+00	5.653404e+00	1.811650e+00	2.264936e+00	1.017061e+00	-1.222537e-09	2.100004e+01	1.530012e+00	1.490000e+06	8.337506e-01	1.998449e-01	2.895887e+02	7.052346e+03	1.500190e+01	1.915198e+01	1.489282e+03	9.998193e-01	1.766951e-06	5.030527e-09	5.498952e-06	
3  725999	-3.638830e+00	5.653404e+00	1.811650e+00	2.264936e+00	1.017061e+00	-1.382654e-09	2.100005e+01	1.530017e+00	1.490000e+06	8.358419e-01	1.968135e-01	2.899152e+02	7.039326e+03	1.500119e+01	1.916889e+01	1.489100e+03	1.000110e+00	1.767118e-06	5.030527e-09	5.498952e-06	
1  725007	-3.638830e+00	5.653404e+00	1.811650e+00	2.264936e+00	1.017061e+00	-1.183374e-09	2.099999e+01	1.530020e+00	1.490000e+06	8.388984e-01	1.986492e-01	2.895761e+02	7.041455e+03	1.500168e+01	1.921165e+01	1.492287e+03	1.000630e+00	1.766843e-06	5.030527e-09	5.498952e-06	
1  724705	-3.638830e+00	5.653404e+00	1.811650e+00	2.264936e+00	1.017061e+00	-5.974360e-10	2.099997e+01	1.530019e+00	1.490000e+06	8.395951e-01	1.961945e-01	2.894029e+02	7.048167e+03	1.500208e+01	1.921483e+01	1.495752e+03	1.000068e+00	1.766698e-06	5.030527e-09	5.498952e-06	
3  723575	-3.638830e+00	5.653404e+00	1.811650e+00	2.264936e+00	1.017061e+00	-9.680885e-10	2.099997e+01	1.530019e+00	1.490000e+06	8.388764e-01	1.917517e-01	2.896503e+02	7.042434e+03	1.500278e+01	1.921209e+01	1.493375e+03	9.996536e-01	1.766226e-06	5.030527e-09	5.498952e-06	
1  723292	-3.638830e+00	5.653404e+00	1.811650e+00	2.264936e+00	1.017061e+00	-1.358927e-09	2.099994e+01	1.530018e+00	1.490000e+06	8.407187e-01	1.896811e-01	2.898795e+02	7.037617e+03	1.500211e+01	1.920774e+01	1.496840e+03	9.995020e-01	1.766508e-06	5.030527e-09	5.498952e-06	
3  722613	-3.638830e+00	5.653404e+00	1.811650e+00	2.264936e+00	1.017061e+00	-1.433530e-09	2.099993e+01	1.530018e+00	1.490000e+06	8.412210e-01	1.886982e-01	2.888867e+02	7.035960e+03	1.500264e+01	1.919437e+01	1.497891e+03	9.991247e-01	1.766505e-06	5.030527e-09	5.498952e-06	
1  722590	-3.638830e+00	5.653404e+00	1.811650e+00	2.264936e+00	1.017061e+00	-1.213619e-09	2.099991e+01	1.530015e+00	1.490001e+06	8.416564e-01	1.904796e-01	2.877198e+02	7.035371e+03	1.500278e+01	1.920493e+01	1.496582e+03	9.988862e-01	1.766227e-06	5.030527e-09	5.498952e-06	
3  720178	-3.638830e+00	5.653404e+00	1.811650e+00	2.264936e+00	1.017061e+00	-1.035793e-09	2.099991e+01	1.530018e+00	1.490001e+06	8.483220e-01	1.890416e-01	2.874939e+02	7.043990e+03	1.500317e+01	1.918961e+01	1.495183e+03	9.990338e-01	1.765668e-06	5.030527e-09	5.498952e-06	
2  718606	-3.638830e+00	5.653404e+00	1.811650e+00	2.264936e+00	1.017061e+00	-1.247044e-09	2.099998e+01	1.530021e+00	1.490000e+06	8.550489e-01	1.906219e-01	2.866868e+02	7.037213e+03	1.500455e+01	1.914535e+01	1.498476e+03	9.989541e-01	1.765883e-06	5.030527e-09	5.498952e-06	
4  718359	-3.638830e+00	5.653404e+00	1.811650e+00	2.264936e+00	1.017061e+00	-1.068881e-09	2.100000e+01	1.530020e+00	1.490000e+06	8.518982e-01	1.860690e-01	2.867565e+02	7.045312e+03	1.500375e+01	1.910743e+01	1.497327e+03	9.983931e-01	1.765450e-06	5.030527e-09	5.498952e-06	
2  717611	-3.638830e+00	5.653404e+00	1.811650e+00	2.264936e+00	1.017061e+00	-1.009563e-09	2.099999e+01	1.530021e+00	1.490000e+06	8.564927e-01	1.893731e-01	2.864260e+02	7.045858e+03	1.500437e+01	1.907116e+01	1.497558e+03	9.980369e-01	1.765771e-06	5.030527e-09	5.498952e-06	
2  717345	-3.638830e+00	5.653404e+00	1.811650e+00	2.264936e+00	1.017061e+00	-1.019824e-09	2.100003e+01	1.530024e+00	1.490000e+06	8.553466e-01	1.906434e-01	2.866769e+02	7.056390e+03	1.500377e+01	1.913355e+01	1.487835e+03	9.981378e-01	1.765511e-06	5.030527e-09	5.498952e-06	
4  716204	-3.638830e+00	5.653404e+00	1.811650e+00	2.264936e+00	1.017061e+00	-1.212454e-09	2.100000e+01	1.530026e+00	1.490000e+06	8.573388e-01	1.864527e-01	2.875776e+02	7.059690e+03	1.500402e+01	1.912533e+01	1.492781e+03	9.980411e-01	1.765467e-06	5.030527e-09	5.498952e-06	
5  715837	-3.638830e+00	5.653404e+00	1.811650e+00	2.264936e+00	1.017061e+00	-1.398065e-09	2.100000e+01	1.530028e+00	1.490000e+06	8.565864e-01	1.807933e-01	2.871127e+02	7.064508e+03	1.500322e+01	1.910535e+01	1.493321e+03	9.978252e-01	1.765694e-06	5.030527e-09	5.498952e-06	
5  715149	-3.638830e+00	5.653404e+00	1.811650e+00	2.264936e+00	1.017061e+00	-1.347852e-09	2.099999e+01	1.530029e+00	1.490000e+06	8.555374e-01	1.836881e-01	2.865340e+02	7.079951e+03	1.500300e+01	1.907633e+01	1.495900e+03	9.974186e-01	1.765413e-06	5.030527e-09	5.498952e-06	
1  714928	-3.638830e+00	5.653404e+00	1.811650e+00	2.264936e+00	1.017061e+00	-1.945182e-09	2.099993e+01	1.530026e+00	1.490000e+06	8.554234e-01	1.881922e-01	2.865307e+02	7.082458e+03	1.500298e+01	1.907494e+01	1.493547e+03	9.970799e-01	1.765529e-06	5.030527e-09	5.498952e-06	
6  714713	-3.638830e+00	5.653404e+00	1.811650e+00	2.264936e+00	1.017061e+00	-2.436731e-09	2.099999e+01	1.530025e+00	1.490000e+06	8.514672e-01	1.853632e-01	2.872902e+02	7.087311e+03	1.500321e+01	1.901921e+01	1.493908e+03	9.967348e-01	1.765069e-06	5.030527e-09	5.498952e-06	
1  713182	-3.638830e+00	5.653404e+00	1.811650e+00	2.264936e+00	1.017061e+00	-2.667151e-09	2.099996e+01	1.530025e+00	1.490000e+06	8.543207e-01	1.841587e-01	2.865594e+02	7.082691e+03	1.500287e+01	1.902918e+01	1.493544e+03	9.967319e-01	1.764802e-06	5.030527e-09	5.498952e-06	
1  712221	-3.638830e+00	5.653404e+00	1.811650e+00	2.264936e+00	1.017061e+00	-3.138219e-09	2.099994e+01	1.530025e+00	1.490000e+06	8.548152e-01	1.888450e-01	2.858064e+02	7.084452e+03	1.500377e+01	1.900582e+01	1.493598e+03	9.965425e-01	1.764490e-06	5.030527e-09	5.498952e-06	
2  710306	-3.638830e+00	5.653404e+00	1.811650e+00	2.264936e+00	1.017061e+00	-2.839048e-09	2.099990e+01	1.530017e+00	1.490000e+06	8.627141e-01	1.845368e-01	2.858143e+02	7.090780e+03	1.500472e+01	1.902024e+01	1.497671e+03	9.965257e-01	1.763890e-06	5.030527e-09	5.498952e-06	
