3  2.70277e+07	-2.191546e+00	6.909924e+00	2.507310e+00	2.224003e+00	9.972899e-01	0.000000e+00	2.100000e+01	1.530000e+00	1.490000e+06	8.200000e-01	2.000000e-01	2.880000e+02	7.000000e+03	1.500000e+01	1.900000e+01	1.485330e+03	1.000000e+00	1.770000e-06	9.306990e-09	3.322500e-05	
5  10209.8	-1.456527e-01	9.486017e+00	2.598441e+00	2.212896e+00	1.000638e+00	0.000000e+00	2.100000e+01	1.530000e+00	1.490000e+06	8.200000e-01	2.000000e-01	2.880000e+02	7.000000e+03	1.500000e+01	1.900000e+01	1.485330e+03	1.000000e+00	1.770000e-06	4.258383e-09	6.619075e-07	
1  10186.5	-1.456527e-01	9.486017e+00	2.598441e+00	2.212896e+00	1.000638e+00	1.718003e-10	2.100001e+01	1.530001e+00	1.490000e+06	8.202297e-01	1.970075e-01	2.870616e+02	6.991501e+03	1.500037e+01	1.900224e+01	1.481795e+03	9.998528e-01	1.769989e-06	4.258383e-09	6.619075e-07	
3  10126.2	-1.456527e-01	9.486017e+00	2.598441e+00	2.212896e+00	1.000638e+00	-3.257287e-10	2.100002e+01	1.530004e+00	1.490000e+06	8.243616e-01	1.962667e-01	2.871189e+02	6.985158e+03	1.500001e+01	1.902151e+01	1.484133e+03	9.998584e-01	1.770497e-06	4.258383e-09	6.619075e-07	
4  9984.08	-1.456527e-01	9.486017e+00	2.598441e+00	2.212896e+00	1.000638e+00	-1.588793e-10	2.099997e+01	1.530002e+00	1.490000e+06	8.258172e-01	1.972130e-01	2.873922e+02	6.988327e+03	1.499923e+01	1.902606e+01	1.489840e+03	9.995863e-01	1.770015e-06	4.258383e-09	6.619075e-07	
4  9973.05	-1.456527e-01	9.486017e+00	2.598441e+00	2.212896e+00	1.000638e+00	-3.175069e-10	2.099996e+01	1.530001e+00	1.490000e+06	8.228437e-01	1.960171e-01	2.865112e+02	6.999842e+03	1.499903e+01	1.902281e+01	1.494721e+03	9.991908e-01	1.770072e-06	4.258383e-09	6.619075e-07	
3  9865.93	-1.456527e-01	9.486017e+00	2.598441e+00	2.212896e+00	1.000638e+00	-5.162227e-10	2.099998e+01	1.530001e+00	1.490000e+06	8.265602e-01	1.944153e-01	2.869567e+02	7.000156e+03	1.499874e+01	1.896617e+01	1.497266e+03	9.992193e-01	1.770127e-06	4.258383e-09	6.619075e-07	
1  9848.42	-1.456527e-01	9.486017e+00	2.598441e+00	2.212896e+00	1.000638e+00	-9.442571e-10	2.099992e+01	1.530002e+00	1.489999e+06	8.285693e-01	1.925679e-01	2.867639e+02	6.996797e+03	1.499896e+01	1.900777e+01	1.497512e+03	9.989011e-01	1.770870e-06	4.258383e-09	6.619075e-07	
4  9636.39	-1.456527e-01	9.486017e+00	2.598441e+00	2.212896e+00	1.000638e+00	-1.174278e-09	2.099993e+01	1.530007e+00	1.489999e+06	8.318279e-01	1.932167e-01	2.863571e+02	6.986089e+03	1.499923e+01	1.894448e+01	1.494705e+03	9.988264e-01	1.770672e-06	4.258383e-09	6.619075e-07	
1  9335.01	-1.456527e-01	9.486017e+00	2.598441e+00	2.212896e+00	1.000638e+00	-1.185482e-09	2.100000e+01	1.530009e+00	1.489999e+06	8.401607e-01	1.929910e-01	2.855044e+02	6.978997e+03	1.500021e+01	1.893337e+01	1.488749e+03	9.984136e-01	1.769694e-06	4.258383e-09	6.619075e-07	
2  9140.33	-1.456527e-01	9.486017e+00	2.598441e+00	2.212896e+00	1.000638e+00	-1.533546e-09	2.099995e+01	1.530006e+00	1.490000e+06	8.436657e-01	1.910325e-01	2.858703e+02	6.977655e+03	1.499898e+01	1.892076e+01	1.487571e+03	9.984195e-01	1.769261e-06	4.258383e-09	6.619075e-07	
8  9110.67	-1.456527e-01	9.486017e+00	2.598441e+00	2.212896e+00	1.000638e+00	-1.326958e-09	2.099994e+01	1.530007e+00	1.490000e+06	8.472248e-01	1.915464e-01	2.864129e+02	6.989998e+03	1.499912e+01	1.889642e+01	1.482660e+03	9.980235e-01	1.769626e-06	4.258383e-09	6.619075e-07	
2  9096.72	-1.456527e-01	9.486017e+00	2.598441e+00	2.212896e+00	1.000638e+00	-1.351110e-09	2.099999e+01	1.530007e+00	1.490000e+06	8.502219e-01	1.905236e-01	2.867421e+02	6.993232e+03	1.499957e+01	1.886332e+01	1.482261e+03	9.985660e-01	1.769495e-06	4.258383e-09	6.619075e-07	
4  9079.66	-1.456527e-01	9.486017e+00	2.598441e+00	2.212896e+00	1.000638e+00	-1.247265e-09	2.099998e+01	1.530008e+00	1.490000e+06	8.509988e-01	1.934810e-01	2.859925e+02	6.992794e+03	1.499963e+01	1.889186e+01	1.477989e+03	9.984019e-01	1.769669e-06	4.258383e-09	6.619075e-07	
1  8947.85	-1.456527e-01	9.486017e+00	2.598441e+00	2.212896e+00	1.000638e+00	-1.267742e-09	2.100001e+01	1.530004e+00	1.489999e+06	8.544324e-01	1.928059e-01	2.865376e+02	6.988956e+03	1.499812e+01	1.887785e+01	1.479508e+03	9.980924e-01	1.769368e-06	4.258383e-09	6.619075e-07	
1  8803.97	-1.456527e-01	9.486017e+00	2.598441e+00	2.212896e+00	1.000638e+00	-1.785271e-09	2.100003e+01	1.530008e+00	1.490000e+06	8.566490e-01	1.891817e-01	2.862585e+02	6.997952e+03	1.499852e+01	1.886170e+01	1.475260e+03	9.976178e-01	1.769300e-06	4.258383e-09	6.619075e-07	
1  8681.58	-1.456527e-01	9.486017e+00	2.598441e+00	2.212896e+00	1.000638e+00	-1.426174e-09	2.099998e+01	1.530015e+00	1.489999e+06	8.632944e-01	1.888809e-01	2.864052e+02	6.996534e+03	1.499757e+01	1.889845e+01	1.472260e+03	9.973109e-01	1.769193e-06	4.258383e-09	6.619075e-07	
7  8560.58	-1.456527e-01	9.486017e+00	2.598441e+00	2.212896e+00	1.000638e+00	-1.249422e-09	2.099993e+01	1.530014e+00	1.489999e+06	8.665609e-01	1.929807e-01	2.864332e+02	7.001511e+03	1.499706e+01	1.890453e+01	1.474038e+03	9.972420e-01	1.769627e-06	4.258383e-09	6.619075e-07	
1  8467.23	-1.456527e-01	9.486017e+00	2.598441e+00	2.212896e+00	1.000638e+00	-1.530354e-09	2.099990e+01	1.530015e+00	1.489999e+06	8.681603e-01	1.968799e-01	2.866126e+02	7.003185e+03	1.499777e+01	1.891898e+01	1.472006e+03	9.968214e-01	1.769476e-06	4.258383e-09	6.619075e-07	
5  8411.12	-1.456527e-01	9.486017e+00	2.598441e+00	2.212896e+00	1.000638e+00	-1.117374e-09	2.099994e+01	1.530012e+00	1.489998e+06	8.660853e-01	1.941224e-01	2.864955e+02	7.003137e+03	1.499720e+01	1.889211e+01	1.473955e+03	9.964822e-01	1.768726e-06	4.258383e-09	6.619075e-07	
3  8348.51	-1.456527e-01	9.486017e+00	2.598441e+00	2.212896e+00	1.000638e+00	-1.127702e-09	2.099991e+01	1.530016e+00	1.489999e+06	8.678220e-01	1.899335e-01	2.873304e+02	7.005593e+03	1.499673e+01	1.888114e+01	1.473511e+03	9.962373e-01	1.768582e-06	4.258383e-09	6.619075e-07	
1  8139.8	-1.456527e-01	9.486017e+00	2.598441e+00	2.212896e+00	1.000638e+00	-1.271015e-09	2.099989e+01	1.530018e+00	1.489999e+06	8.730855e-01	1.860233e-01	2.874757e+02	6.998160e+03	1.499761e+01	1.891065e+01	1.472864e+03	9.959630e-01	1.767880e-06	4.258383e-09	6.619075e-07	
2  8115.34	-1.456527e-01	9.486017e+00	2.598441e+00	2.212896e+00	1.000638e+00	-9.133796e-10	2.099990e+01	1.530014e+00	1.489999e+06	8.741514e-01	1.883052e-01	2.871620e+02	7.008705e+03	1.499868e+01	1.891677e+01	1.469426e+03	9.967614e-01	1.767686e-06	4.258383e-09	6.619075e-07	
1  8106.31	-1.456527e-01	9.486017e+00	2.598441e+00	2.212896e+00	1.000638e+00	-5.805804e-10	2.099988e+01	1.530017e+00	1.489999e+06	8.752683e-01	1.839834e-01	2.868334e+02	7.009586e+03	1.499915e+01	1.896150e+01	1.479690e+03	9.967898e-01	1.767761e-06	4.258383e-09	6.619075e-07	
1  7950.18	-1.456527e-01	9.486017e+00	2.598441e+00	2.212896e+00	1.000638e+00	-1.485926e-09	2.099993e+01	1.530020e+00	1.489998e+06	8.796163e-01	1.840154e-01	2.857536e+02	7.008038e+03	1.499882e+01	1.890615e+01	1.477663e+03	9.966335e-01	1.767973e-06	4.258383e-09	6.619075e-07	
3  7946.82	-1.456527e-01	9.486017e+00	2.598441e+00	2.212896e+00	1.000638e+00	-1.842583e-09	2.099995e+01	1.530021e+00	1.489997e+06	8.800205e-01	1.857277e-01	2.859037e+02	7.000745e+03	1.499862e+01	1.890149e+01	1.473995e+03	9.962900e-01	1.767671e-06	4.258383e-09	6.619075e-07	
1  7762.1	-1.456527e-01	9.486017e+00	2.598441e+00	2.212896e+00	1.000638e+00	-1.927985e-09	2.099997e+01	1.530018e+00	1.489997e+06	8.836239e-01	1.841499e-01	2.847608e+02	6.996378e+03	1.499979e+01	1.892223e+01	1.476206e+03	9.962142e-01	1.767622e-06	4.258383e-09	6.619075e-07	
1  7643.48	-1.456527e-01	9.486017e+00	2.598441e+00	2.212896e+00	1.000638e+00	-2.367413e-09	2.099996e+01	1.530018e+00	1.489997e+06	8.895931e-01	1.857337e-01	2.852411e+02	6.994498e+03	1.500064e+01	1.891653e+01	1.475580e+03	9.961418e-01	1.767768e-06	4.258383e-09	6.619075e-07	
1  7573.49	-1.456527e-01	9.486017e+00	2.598441e+00	2.212896e+00	1.000638e+00	-2.010143e-09	2.099993e+01	1.530011e+00	1.489997e+06	8.935536e-01	1.782772e-01	2.855082e+02	7.002933e+03	1.500217e+01	1.885941e+01	1.480148e+03	9.963816e-01	1.767850e-06	4.258383e-09	6.619075e-07	
1  7536.62	-1.456527e-01	9.486017e+00	2.598441e+00	2.212896e+00	1.000638e+00	-2.419820e-09	2.099995e+01	1.530008e+00	1.489997e+06	8.950743e-01	1.775442e-01	2.856897e+02	7.016641e+03	1.500195e+01	1.882544e+01	1.482008e+03	9.963442e-01	1.767909e-06	4.258383e-09	6.619075e-07	
6  7384.93	-1.456527e-01	9.486017e+00	2.598441e+00	2.212896e+00	1.000638e+00	-2.302594e-09	2.099997e+01	1.530011e+00	1.489997e+06	8.977153e-01	1.799619e-01	2.857008e+02	7.022509e+03	1.500107e+01	1.883544e+01	1.489572e+03	9.961910e-01	1.767711e-06	4.258383e-09	6.619075e-07	
6  7317.59	-1.456527e-01	9.486017e+00	2.598441e+00	2.212896e+00	1.000638e+00	-1.717272e-09	2.099997e+01	1.530011e+00	1.489997e+06	9.015757e-01	1.780182e-01	2.844883e+02	7.017153e+03	1.500010e+01	1.882760e+01	1.490481e+03	9.968723e-01	1.767193e-06	4.258383e-09	6.619075e-07	
4  7313.08	-1.456527e-01	9.486017e+00	2.598441e+00	2.212896e+00	1.000638e+00	-1.706012e-09	2.099999e+01	1.530013e+00	1.489997e+06	9.017795e-01	1.802449e-01	2.850761e+02	7.020381e+03	1.500011e+01	1.881666e+01	1.490016e+03	9.966152e-01	1.767158e-06	4.258383e-09	6.619075e-07	
2  7302.64	-1.456527e-01	9.486017e+00	2.598441e+00	2.212896e+00	1.000638e+00	-1.730850e-09	2.099998e+01	1.530011e+00	1.489998e+06	9.048589e-01	1.820874e-01	2.848409e+02	7.009655e+03	1.500008e+01	1.886931e+01	1.483648e+03	9.967311e-01	1.767122e-06	4.258383e-09	6.619075e-07	
3  7281.08	-1.456527e-01	9.486017e+00	2.598441e+00	2.212896e+00	1.000638e+00	-1.238455e-09	2.099999e+01	1.530011e+00	1.489998e+06	9.051006e-01	1.797749e-01	2.833943e+02	7.003219e+03	1.500099e+01	1.887080e+01	1.484247e+03	9.967803e-01	1.766747e-06	4.258383e-09	6.619075e-07	
2  7220.09	-1.456527e-01	9.486017e+00	2.598441e+00	2.212896e+00	1.000638e+00	-1.264426e-09	2.100000e+01	1.530010e+00	1.489998e+06	9.053005e-01	1.802346e-01	2.829770e+02	7.008175e+03	1.500161e+01	1.885221e+01	1.482652e+03	9.963227e-01	1.766460e-06	4.258383e-09	6.619075e-07	
1  7197.9	-1.456527e-01	9.486017e+00	2.598441e+00	2.212896e+00	1.000638e+00	-1.112775e-09	2.099995e+01	1.530010e+00	1.489997e+06	9.079527e-01	1.783668e-01	2.843059e+02	7.001393e+03	1.500206e+01	1.887965e+01	1.481537e+03	9.959355e-01	1.766133e-06	4.258383e-09	6.619075e-07	
