5  6.4224e+19	1.731602e+00	3.762268e+00	2.054836e-01	2.189889e+00	1.000618e+00	0.000000e+00	2.100000e+01	1.530000e+00	1.490000e+06	8.200000e-01	2.000000e-01	2.880000e+02	7.000000e+03	1.500000e+01	1.900000e+01	1.485330e+03	1.000000e+00	1.770000e-06	2.844544e-03	5.121438e+01	
1  6.4224e+19	1.731602e+00	3.762268e+00	2.054836e-01	2.189889e+00	1.000618e+00	-1.511301e-10	2.100000e+01	1.530004e+00	1.490000e+06	8.193931e-01	2.009413e-01	2.871030e+02	7.008963e+03	1.500143e+01	1.900827e+01	1.483307e+03	9.998368e-01	1.769937e-06	2.844544e-03	5.121438e+01	
2  6.4224e+19	1.731602e+00	3.762268e+00	2.054836e-01	2.189889e+00	1.000618e+00	-3.690021e-10	2.100002e+01	1.530007e+00	1.490000e+06	8.205956e-01	1.978882e-01	2.869827e+02	7.012223e+03	1.500101e+01	1.899393e+01	1.482989e+03	9.996193e-01	1.769921e-06	2.844544e-03	5.121438e+01	
1  6.4224e+19	1.731602e+00	3.762268e+00	2.054836e-01	2.189889e+00	1.000618e+00	-5.037187e-10	2.099997e+01	1.530005e+00	1.490000e+06	8.248366e-01	1.949413e-01	2.874389e+02	7.010901e+03	1.500236e+01	1.899342e+01	1.478136e+03	9.994950e-01	1.769776e-06	2.844544e-03	5.121438e+01	
1  6.4224e+19	1.731602e+00	3.762268e+00	2.054836e-01	2.189889e+00	1.000618e+00	-5.630407e-10	2.099996e+01	1.530004e+00	1.490000e+06	8.327502e-01	1.963310e-01	2.868586e+02	7.016960e+03	1.500218e+01	1.904336e+01	1.470194e+03	9.993015e-01	1.769868e-06	2.844544e-03	5.121438e+01	
4  6.4224e+19	1.731602e+00	3.762268e+00	2.054836e-01	2.189889e+00	1.000618e+00	-3.539912e-10	2.099996e+01	1.530007e+00	1.490000e+06	8.336014e-01	1.941839e-01	2.867541e+02	7.019228e+03	1.500225e+01	1.904648e+01	1.464425e+03	9.993320e-01	1.769793e-06	2.844544e-03	5.121438e+01	
1  6.4224e+19	1.731602e+00	3.762268e+00	2.054836e-01	2.189889e+00	1.000618e+00	-4.171580e-10	2.099995e+01	1.530010e+00	1.489999e+06	8.332844e-01	1.932066e-01	2.870639e+02	7.021808e+03	1.500161e+01	1.907718e+01	1.461456e+03	9.993646e-01	1.769496e-06	2.844544e-03	5.121438e+01	
2  6.4224e+19	1.731602e+00	3.762268e+00	2.054836e-01	2.189889e+00	1.000618e+00	-2.845778e-10	2.099992e+01	1.530008e+00	1.489999e+06	8.383988e-01	1.955561e-01	2.869006e+02	7.017522e+03	1.500205e+01	1.902933e+01	1.454617e+03	9.996412e-01	1.769270e-06	2.844544e-03	5.121438e+01	
4  6.4224e+19	1.731602e+00	3.762268e+00	2.054836e-01	2.189889e+00	1.000618e+00	-5.039528e-10	2.099994e+01	1.530010e+00	1.489998e+06	8.423211e-01	1.927587e-01	2.863204e+02	7.015853e+03	1.500255e+01	1.905273e+01	1.455144e+03	9.993585e-01	1.769190e-06	2.844544e-03	5.121438e+01	
2  6.4224e+19	1.731602e+00	3.762268e+00	2.054836e-01	2.189889e+00	1.000618e+00	-5.990330e-10	2.099991e+01	1.530011e+00	1.489999e+06	8.460635e-01	1.914912e-01	2.863612e+02	7.019211e+03	1.500158e+01	1.904152e+01	1.457717e+03	9.994735e-01	1.768976e-06	2.844544e-03	5.121438e+01	
2  6.4224e+19	1.731602e+00	3.762268e+00	2.054836e-01	2.189889e+00	1.000618e+00	-5.211538e-10	2.099988e+01	1.530010e+00	1.489998e+06	8.480658e-01	1.886815e-01	2.865924e+02	7.019257e+03	1.500175e+01	1.902858e+01	1.458564e+03	9.988808e-01	1.768880e-06	2.844544e-03	5.121438e+01	
1  6.4224e+19	1.731602e+00	3.762268e+00	2.054836e-01	2.189889e+00	1.000618e+00	-7.740555e-11	2.099993e+01	1.530011e+00	1.489999e+06	8.539527e-01	1.856204e-01	2.860529e+02	7.023947e+03	1.500188e+01	1.900376e+01	1.460843e+03	9.988826e-01	1.768441e-06	2.844544e-03	5.121438e+01	
1  6.4224e+19	1.731602e+00	3.762268e+00	2.054836e-01	2.189889e+00	1.000618e+00	-3.891009e-10	2.099992e+01	1.530008e+00	1.489998e+06	8.568197e-01	1.878930e-01	2.863245e+02	7.024200e+03	1.500195e+01	1.905162e+01	1.466469e+03	9.988201e-01	1.768157e-06	2.844544e-03	5.121438e+01	
2  6.4224e+19	1.731602e+00	3.762268e+00	2.054836e-01	2.189889e+00	1.000618e+00	-5.835235e-10	2.099990e+01	1.530015e+00	1.489998e+06	8.560173e-01	1.924351e-01	2.857908e+02	7.031869e+03	1.500186e+01	1.899507e+01	1.462691e+03	9.994307e-01	1.768464e-06	2.844544e-03	5.121438e+01	
3  6.4224e+19	1.731602e+00	3.762268e+00	2.054836e-01	2.189889e+00	1.000618e+00	-9.990907e-10	2.099981e+01	1.530013e+00	1.489998e+06	8.586855e-01	1.925238e-01	2.846394e+02	7.020952e+03	1.500059e+01	1.901919e+01	1.457759e+03	9.995136e-01	1.768798e-06	2.844544e-03	5.121438e+01	
1  6.4224e+19	1.731602e+00	3.762268e+00	2.054836e-01	2.189889e+00	1.000618e+00	-1.268293e-09	2.099973e+01	1.530019e+00	1.489998e+06	8.594866e-01	1.929709e-01	2.841601e+02	7.022256e+03	1.500013e+01	1.900249e+01	1.454477e+03	9.997437e-01	1.767980e-06	2.844544e-03	5.121438e+01	
1  6.4224e+19	1.731602e+00	3.762268e+00	2.054836e-01	2.189889e+00	1.000618e+00	-1.958476e-09	2.099974e+01	1.530026e+00	1.489998e+06	8.604178e-01	1.933481e-01	2.840393e+02	7.026757e+03	1.500046e+01	1.902966e+01	1.459721e+03	1.000021e+00	1.767760e-06	2.844544e-03	5.121438e+01	
2  6.4224e+19	1.731602e+00	3.762268e+00	2.054836e-01	2.189889e+00	1.000618e+00	-1.268990e-09	2.099976e+01	1.530031e+00	1.489998e+06	8.597772e-01	1.896661e-01	2.845235e+02	7.027243e+03	1.500042e+01	1.903832e+01	1.458873e+03	9.997964e-01	1.767154e-06	2.844544e-03	5.121438e+01	
1  6.4224e+19	1.731602e+00	3.762268e+00	2.054836e-01	2.189889e+00	1.000618e+00	-1.474783e-09	2.099974e+01	1.530032e+00	1.489998e+06	8.603070e-01	1.889421e-01	2.844612e+02	7.029177e+03	1.500005e+01	1.903190e+01	1.459296e+03	9.992050e-01	1.767362e-06	2.844544e-03	5.121438e+01	
1  6.4224e+19	1.731602e+00	3.762268e+00	2.054836e-01	2.189889e+00	1.000618e+00	-1.582585e-09	2.099970e+01	1.530035e+00	1.489997e+06	8.644526e-01	1.887917e-01	2.850245e+02	7.023714e+03	1.499995e+01	1.905801e+01	1.462231e+03	1.000065e+00	1.766772e-06	2.844544e-03	5.121438e+01	
2  6.4224e+19	1.731602e+00	3.762268e+00	2.054836e-01	2.189889e+00	1.000618e+00	-1.623869e-09	2.099963e+01	1.530037e+00	1.489997e+06	8.665234e-01	1.890534e-01	2.842367e+02	7.017111e+03	1.500101e+01	1.906255e+01	1.466807e+03	9.994430e-01	1.767198e-06	2.844544e-03	5.121438e+01	
1  6.4224e+19	1.731602e+00	3.762268e+00	2.054836e-01	2.189889e+00	1.000618e+00	-1.767463e-09	2.099963e+01	1.530046e+00	1.489997e+06	8.694042e-01	1.877997e-01	2.852900e+02	7.012023e+03	1.500110e+01	1.906351e+01	1.463563e+03	9.991997e-01	1.767586e-06	2.844544e-03	5.121438e+01	
3  6.4224e+19	1.731602e+00	3.762268e+00	2.054836e-01	2.189889e+00	1.000618e+00	-1.343943e-09	2.099962e+01	1.530046e+00	1.489997e+06	8.720071e-01	1.840552e-01	2.854535e+02	7.011360e+03	1.500165e+01	1.906576e+01	1.463687e+03	9.992117e-01	1.767623e-06	2.844544e-03	5.121438e+01	
1  6.4224e+19	1.731602e+00	3.762268e+00	2.054836e-01	2.189889e+00	1.000618e+00	-1.023953e-09	2.099960e+01	1.530050e+00	1.489997e+06	8.718141e-01	1.848320e-01	2.860383e+02	7.002860e+03	1.500140e+01	1.908282e+01	1.473656e+03	9.988776e-01	1.767133e-06	2.844544e-03	5.121438e+01	
1  6.4224e+19	1.731602e+00	3.762268e+00	2.054836e-01	2.189889e+00	1.000618e+00	-8.154016e-10	2.099963e+01	1.530048e+00	1.489996e+06	8.762619e-01	1.819002e-01	2.863932e+02	7.005753e+03	1.500205e+01	1.906541e+01	1.481024e+03	9.993037e-01	1.767261e-06	2.844544e-03	5.121438e+01	
2  6.4224e+19	1.731602e+00	3.762268e+00	2.054836e-01	2.189889e+00	1.000618e+00	-8.709044e-10	2.099960e+01	1.530047e+00	1.489996e+06	8.798106e-01	1.844969e-01	2.856247e+02	7.007352e+03	1.500245e+01	1.906632e+01	1.480580e+03	9.995298e-01	1.767607e-06	2.844544e-03	5.121438e+01	
2  6.4224e+19	1.731602e+00	3.762268e+00	2.054836e-01	2.189889e+00	1.000618e+00	-2.557205e-10	2.099962e+01	1.530053e+00	1.489996e+06	8.804669e-01	1.830626e-01	2.865748e+02	7.006653e+03	1.500312e+01	1.911802e+01	1.483044e+03	9.989233e-01	1.767554e-06	2.844544e-03	5.121438e+01	
3  6.4224e+19	1.731602e+00	3.762268e+00	2.054836e-01	2.189889e+00	1.000618e+00	-3.146901e-10	2.099966e+01	1.530053e+00	1.489996e+06	8.855741e-01	1.888647e-01	2.863833e+02	6.995665e+03	1.500366e+01	1.913999e+01	1.487725e+03	9.993742e-01	1.766846e-06	2.844544e-03	5.121438e+01	
1  6.4224e+19	1.731602e+00	3.762268e+00	2.054836e-01	2.189889e+00	1.000618e+00	-5.368402e-10	2.099967e+01	1.530055e+00	1.489997e+06	8.880844e-01	1.855511e-01	2.860318e+02	6.989278e+03	1.500387e+01	1.917743e+01	1.487696e+03	9.993107e-01	1.766957e-06	2.844544e-03	5.121438e+01	
2  6.4224e+19	1.731602e+00	3.762268e+00	2.054836e-01	2.189889e+00	1.000618e+00	-1.811356e-10	2.099962e+01	1.530053e+00	1.489997e+06	8.939962e-01	1.870952e-01	2.863635e+02	7.000939e+03	1.500448e+01	1.911940e+01	1.491654e+03	9.997075e-01	1.767263e-06	2.844544e-03	5.121438e+01	
10  6.4224e+19	1.731602e+00	3.762268e+00	2.054836e-01	2.189889e+00	1.000618e+00	-7.310059e-10	2.099955e+01	1.530056e+00	1.489997e+06	8.982663e-01	1.836467e-01	2.862349e+02	6.993487e+03	1.500539e+01	1.909850e+01	1.489621e+03	9.991005e-01	1.767376e-06	2.844544e-03	5.121438e+01	
5  6.4224e+19	1.731602e+00	3.762268e+00	2.054836e-01	2.189889e+00	1.000618e+00	-7.172791e-10	2.099957e+01	1.530057e+00	1.489997e+06	8.965316e-01	1.791940e-01	2.859997e+02	6.990709e+03	1.500505e+01	1.904603e+01	1.487197e+03	9.993351e-01	1.766899e-06	2.844544e-03	5.121438e+01	
2  6.4224e+19	1.731602e+00	3.762268e+00	2.054836e-01	2.189889e+00	1.000618e+00	-1.799552e-10	2.099957e+01	1.530060e+00	1.489997e+06	8.961696e-01	1.756557e-01	2.861963e+02	7.000834e+03	1.500432e+01	1.903834e+01	1.486953e+03	9.998383e-01	1.766213e-06	2.844544e-03	5.121438e+01	
3  6.4224e+19	1.731602e+00	3.762268e+00	2.054836e-01	2.189889e+00	1.000618e+00	-7.639439e-10	2.099954e+01	1.530057e+00	1.489997e+06	8.993904e-01	1.784002e-01	2.850144e+02	6.998141e+03	1.500449e+01	1.897861e+01	1.482911e+03	1.000176e+00	1.766332e-06	2.844544e-03	5.121438e+01	
5  6.4224e+19	1.731602e+00	3.762268e+00	2.054836e-01	2.189889e+00	1.000618e+00	-6.917723e-10	2.099952e+01	1.530058e+00	1.489997e+06	9.017304e-01	1.849440e-01	2.843564e+02	6.999822e+03	1.500397e+01	1.898779e+01	1.480169e+03	1.000034e+00	1.766522e-06	2.844544e-03	5.121438e+01	
1  6.4224e+19	1.731602e+00	3.762268e+00	2.054836e-01	2.189889e+00	1.000618e+00	-6.932861e-10	2.099953e+01	1.530059e+00	1.489997e+06	9.050298e-01	1.823321e-01	2.847368e+02	7.000084e+03	1.500349e+01	1.898165e+01	1.475697e+03	1.000486e+00	1.766709e-06	2.844544e-03	5.121438e+01	
1  6.4224e+19	1.731602e+00	3.762268e+00	2.054836e-01	2.189889e+00	1.000618e+00	-2.976895e-10	2.099952e+01	1.530060e+00	1.489997e+06	9.110673e-01	1.822181e-01	2.852994e+02	6.999495e+03	1.500402e+01	1.893415e+01	1.476670e+03	1.000155e+00	1.766079e-06	2.844544e-03	5.121438e+01	
2  6.4224e+19	1.731602e+00	3.762268e+00	2.054836e-01	2.189889e+00	1.000618e+00	-1.135069e-10	2.099952e+01	1.530053e+00	1.489998e+06	9.150403e-01	1.807468e-01	2.840859e+02	6.993160e+03	1.500457e+01	1.895419e+01	1.476684e+03	9.993551e-01	1.766099e-06	2.844544e-03	5.121438e+01	
1  6.4224e+19	1.731602e+00	3.762268e+00	2.054836e-01	2.189889e+00	1.000618e+00	2.100094e-11	2.099949e+01	1.530053e+00	1.489997e+06	9.177351e-01	1.743674e-01	2.828805e+02	6.986851e+03	1.500462e+01	1.896138e+01	1.468635e+03	9.993621e-01	1.766326e-06	2.844544e-03	5.121438e+01	
1  6.4224e+19	1.731602e+00	3.762268e+00	2.054836e-01	2.189889e+00	1.000618e+00	2.447611e-10	2.099952e+01	1.530051e+00	1.489997e+06	9.180182e-01	1.696746e-01	2.822942e+02	6.984380e+03	1.500410e+01	1.892505e+01	1.465508e+03	9.990739e-01	1.766136e-06	2.844544e-03	5.121438e+01	
3  6.4224e+19	1.731602e+00	3.762268e+00	2.054836e-01	2.189889e+00	1.000618e+00	6.771719e-10	2.099957e+01	1.530047e+00	1.489997e+06	9.205432e-01	1.704440e-01	2.831536e+02	6.988732e+03	1.500420e+01	1.892894e+01	1.474185e+03	9.993713e-01	1.765835e-06	2.844544e-03	5.121438e+01	
1  6.4224e+19	1.731602e+00	3.762268e+00	2.054836e-01	2.189889e+00	1.000618e+00	4.765010e-10	2.099956e+01	1.530049e+00	1.489997e+06	9.173475e-01	1.696219e-01	2.821580e+02	6.985333e+03	1.500363e+01	1.896936e+01	1.476016e+03	9.995578e-01	1.765578e-06	2.844544e-03	5.121438e+01	
2  6.4224e+19	1.731602e+00	3.762268e+00	2.054836e-01	2.189889e+00	1.000618e+00	6.066195e-10	2.099955e+01	1.530041e+00	1.489996e+06	9.209945e-01	1.721381e-01	2.810534e+02	6.976824e+03	1.500449e+01	1.897033e+01	1.475544e+03	9.998917e-01	1.764926e-06	2.844544e-03	5.121438e+01	
1  6.4224e+19	1.731602e+00	3.762268e+00	2.054836e-01	2.189889e+00	1.000618e+00	4.630389e-10	2.099958e+01	1.530048e+00	1.489997e+06	9.234689e-01	1.708761e-01	2.811472e+02	6.964843e+03	1.500499e+01	1.900826e+01	1.475773e+03	9.997269e-01	1.764604e-06	2.844544e-03	5.121438e+01	
4  6.4224e+19	1.731602e+00	3.762268e+00	2.054836e-01	2.189889e+00	1.000618e+00	8.580770e-10	2.099957e+01	1.530052e+00	1.489997e+06	9.313392e-01	1.738041e-01	2.803895e+02	6.958119e+03	1.500492e+01	1.899936e+01	1.478823e+03	1.000127e+00	1.765075e-06	2.844544e-03	5.121438e+01	
1  6.4224e+19	1.731602e+00	3.762268e+00	2.054836e-01	2.189889e+00	1.000618e+00	8.110786e-10	2.099962e+01	1.530052e+00	1.489996e+06	9.332770e-01	1.763784e-01	2.800979e+02	6.963682e+03	1.500602e+01	1.902607e+01	1.477144e+03	1.000558e+00	1.764680e-06	2.844544e-03	5.121438e+01	
1  6.4224e+19	1.731602e+00	3.762268e+00	2.054836e-01	2.189889e+00	1.000618e+00	6.108111e-10	2.099961e+01	1.530055e+00	1.489997e+06	9.309884e-01	1.729604e-01	2.793744e+02	6.969028e+03	1.500637e+01	1.901782e+01	1.481033e+03	1.000506e+00	1.764749e-06	2.844544e-03	5.121438e+01	
