2  1.05414e+13	-2.085138e+00	2.302744e+00	5.004946e-02	2.142317e+00	9.997962e-01	0.000000e+00	2.100000e+01	1.530000e+00	1.490000e+06	8.200000e-01	2.000000e-01	2.880000e+02	7.000000e+03	1.500000e+01	1.900000e+01	1.485330e+03	1.000000e+00	1.770000e-06	5.938803e-05	2.047782e-02	
4  1.69615e+07	-4.934323e+00	2.711258e+00	1.028505e-01	2.169964e+00	1.001522e+00	0.000000e+00	2.100000e+01	1.530000e+00	1.490000e+06	8.200000e-01	2.000000e-01	2.880000e+02	7.000000e+03	1.500000e+01	1.900000e+01	1.485330e+03	1.000000e+00	1.770000e-06	1.089892e-08	2.631155e-05	
1  1.69528e+07	-4.934323e+00	2.711258e+00	1.028505e-01	2.169964e+00	1.001522e+00	3.935430e-10	2.099996e+01	1.530005e+00	1.490000e+06	8.274930e-01	1.950400e-01	2.877167e+02	7.001867e+03	1.499866e+01	1.904065e+01	1.484831e+03	1.000215e+00	1.770368e-06	1.089892e-08	2.631155e-05	
1  1.69482e+07	-4.934323e+00	2.711258e+00	1.028505e-01	2.169964e+00	1.001522e+00	-2.313250e-10	2.100000e+01	1.530005e+00	1.489999e+06	8.286297e-01	1.965345e-01	2.875341e+02	6.997168e+03	1.499871e+01	1.905250e+01	1.485180e+03	1.000127e+00	1.770415e-06	1.089892e-08	2.631155e-05	
2  1.69408e+07	-4.934323e+00	2.711258e+00	1.028505e-01	2.169964e+00	1.001522e+00	-3.065061e-10	2.100003e+01	1.530002e+00	1.489999e+06	8.320435e-01	1.955160e-01	2.872060e+02	7.001859e+03	1.499987e+01	1.910039e+01	1.486599e+03	9.999782e-01	1.769953e-06	1.089892e-08	2.631155e-05	
1  1.69381e+07	-4.934323e+00	2.711258e+00	1.028505e-01	2.169964e+00	1.001522e+00	-5.597808e-10	2.099999e+01	1.530001e+00	1.489999e+06	8.367170e-01	1.972764e-01	2.875428e+02	6.994527e+03	1.500006e+01	1.904773e+01	1.488378e+03	1.000449e+00	1.769821e-06	1.089892e-08	2.631155e-05	
4  1.69355e+07	-4.934323e+00	2.711258e+00	1.028505e-01	2.169964e+00	1.001522e+00	-8.078716e-10	2.100006e+01	1.530002e+00	1.489999e+06	8.342975e-01	1.960029e-01	2.878541e+02	6.997004e+03	1.500042e+01	1.905045e+01	1.490230e+03	1.000491e+00	1.769478e-06	1.089892e-08	2.631155e-05	
3  1.69303e+07	-4.934323e+00	2.711258e+00	1.028505e-01	2.169964e+00	1.001522e+00	-1.154974e-09	2.100007e+01	1.530011e+00	1.489999e+06	8.354277e-01	1.979957e-01	2.884030e+02	6.984484e+03	1.500062e+01	1.908386e+01	1.493504e+03	1.000831e+00	1.769406e-06	1.089892e-08	2.631155e-05	
2  1.69241e+07	-4.934323e+00	2.711258e+00	1.028505e-01	2.169964e+00	1.001522e+00	-1.570808e-09	2.100011e+01	1.530011e+00	1.489999e+06	8.382782e-01	2.038723e-01	2.882176e+02	6.986109e+03	1.499991e+01	1.910905e+01	1.500593e+03	1.000502e+00	1.769462e-06	1.089892e-08	2.631155e-05	
2  1.69181e+07	-4.934323e+00	2.711258e+00	1.028505e-01	2.169964e+00	1.001522e+00	-1.797731e-09	2.100009e+01	1.530008e+00	1.489998e+06	8.427446e-01	2.069109e-01	2.886711e+02	6.987746e+03	1.500006e+01	1.909779e+01	1.500570e+03	1.000236e+00	1.769052e-06	1.089892e-08	2.631155e-05	
1  1.69112e+07	-4.934323e+00	2.711258e+00	1.028505e-01	2.169964e+00	1.001522e+00	-1.863234e-09	2.100005e+01	1.530006e+00	1.489998e+06	8.445556e-01	1.997659e-01	2.889152e+02	6.995408e+03	1.500031e+01	1.908359e+01	1.505597e+03	9.999312e-01	1.768808e-06	1.089892e-08	2.631155e-05	
1  1.69083e+07	-4.934323e+00	2.711258e+00	1.028505e-01	2.169964e+00	1.001522e+00	-2.062211e-09	2.100007e+01	1.530003e+00	1.489998e+06	8.510919e-01	1.997256e-01	2.887156e+02	7.000244e+03	1.500015e+01	1.911236e+01	1.505039e+03	1.000686e+00	1.769126e-06	1.089892e-08	2.631155e-05	
2  1.69073e+07	-4.934323e+00	2.711258e+00	1.028505e-01	2.169964e+00	1.001522e+00	-2.004069e-09	2.100010e+01	1.530004e+00	1.489997e+06	8.472056e-01	1.993444e-01	2.880947e+02	7.003217e+03	1.500010e+01	1.912950e+01	1.503351e+03	1.001125e+00	1.768784e-06	1.089892e-08	2.631155e-05	
1  1.69072e+07	-4.934323e+00	2.711258e+00	1.028505e-01	2.169964e+00	1.001522e+00	-1.592330e-09	2.100014e+01	1.530006e+00	1.489997e+06	8.453411e-01	2.018905e-01	2.881874e+02	7.001270e+03	1.499991e+01	1.909674e+01	1.501017e+03	1.000992e+00	1.768163e-06	1.089892e-08	2.631155e-05	
1  1.6903e+07	-4.934323e+00	2.711258e+00	1.028505e-01	2.169964e+00	1.001522e+00	-1.637798e-09	2.100010e+01	1.530008e+00	1.489997e+06	8.456659e-01	1.968580e-01	2.876374e+02	7.006108e+03	1.499995e+01	1.909792e+01	1.498758e+03	1.001100e+00	1.768083e-06	1.089892e-08	2.631155e-05	
1  1.68992e+07	-4.934323e+00	2.711258e+00	1.028505e-01	2.169964e+00	1.001522e+00	-1.641373e-09	2.100007e+01	1.530011e+00	1.489997e+06	8.477583e-01	1.969848e-01	2.874317e+02	6.996293e+03	1.499932e+01	1.918013e+01	1.503820e+03	1.000936e+00	1.768172e-06	1.089892e-08	2.631155e-05	
1  1.68988e+07	-4.934323e+00	2.711258e+00	1.028505e-01	2.169964e+00	1.001522e+00	-1.741053e-09	2.099999e+01	1.530014e+00	1.489997e+06	8.460638e-01	1.996912e-01	2.878387e+02	6.998093e+03	1.499997e+01	1.918049e+01	1.501751e+03	1.000600e+00	1.767941e-06	1.089892e-08	2.631155e-05	
1  1.68945e+07	-4.934323e+00	2.711258e+00	1.028505e-01	2.169964e+00	1.001522e+00	-1.402360e-09	2.100006e+01	1.530019e+00	1.489997e+06	8.493111e-01	1.933822e-01	2.893102e+02	6.991576e+03	1.500017e+01	1.920401e+01	1.500490e+03	1.000725e+00	1.767837e-06	1.089892e-08	2.631155e-05	
1  1.68932e+07	-4.934323e+00	2.711258e+00	1.028505e-01	2.169964e+00	1.001522e+00	-1.395618e-09	2.100008e+01	1.530020e+00	1.489997e+06	8.491665e-01	1.944655e-01	2.894846e+02	6.988091e+03	1.499970e+01	1.916689e+01	1.501056e+03	1.000943e+00	1.767351e-06	1.089892e-08	2.631155e-05	
1  1.68904e+07	-4.934323e+00	2.711258e+00	1.028505e-01	2.169964e+00	1.001522e+00	-2.076469e-09	2.100002e+01	1.530023e+00	1.489997e+06	8.469609e-01	1.958370e-01	2.888729e+02	6.988354e+03	1.499908e+01	1.916731e+01	1.499121e+03	1.000998e+00	1.767308e-06	1.089892e-08	2.631155e-05	
1  1.68842e+07	-4.934323e+00	2.711258e+00	1.028505e-01	2.169964e+00	1.001522e+00	-2.101210e-09	2.100007e+01	1.530026e+00	1.489997e+06	8.478491e-01	1.940771e-01	2.889507e+02	6.998069e+03	1.499784e+01	1.921990e+01	1.503451e+03	1.001149e+00	1.767360e-06	1.089892e-08	2.631155e-05	
1  1.68768e+07	-4.934323e+00	2.711258e+00	1.028505e-01	2.169964e+00	1.001522e+00	-2.062049e-09	2.100012e+01	1.530034e+00	1.489996e+06	8.469113e-01	1.908929e-01	2.882791e+02	6.994911e+03	1.499770e+01	1.926388e+01	1.498670e+03	1.000598e+00	1.767169e-06	1.089892e-08	2.631155e-05	
1  1.68718e+07	-4.934323e+00	2.711258e+00	1.028505e-01	2.169964e+00	1.001522e+00	-2.365880e-09	2.100013e+01	1.530033e+00	1.489997e+06	8.495275e-01	1.871268e-01	2.881665e+02	6.993671e+03	1.499808e+01	1.925308e+01	1.503630e+03	1.000788e+00	1.766977e-06	1.089892e-08	2.631155e-05	
1  1.68658e+07	-4.934323e+00	2.711258e+00	1.028505e-01	2.169964e+00	1.001522e+00	-2.277835e-09	2.100019e+01	1.530030e+00	1.489997e+06	8.547971e-01	1.850341e-01	2.882606e+02	6.993098e+03	1.499895e+01	1.927506e+01	1.507202e+03	1.000769e+00	1.766791e-06	1.089892e-08	2.631155e-05	
1  1.68621e+07	-4.934323e+00	2.711258e+00	1.028505e-01	2.169964e+00	1.001522e+00	-2.092094e-09	2.100018e+01	1.530025e+00	1.489997e+06	8.623684e-01	1.885413e-01	2.885039e+02	6.997904e+03	1.499988e+01	1.926434e+01	1.509560e+03	1.000384e+00	1.766941e-06	1.089892e-08	2.631155e-05	
2  1.68592e+07	-4.934323e+00	2.711258e+00	1.028505e-01	2.169964e+00	1.001522e+00	-1.882122e-09	2.100019e+01	1.530028e+00	1.489997e+06	8.634087e-01	1.898279e-01	2.882011e+02	7.010997e+03	1.499908e+01	1.925477e+01	1.512325e+03	1.000110e+00	1.767034e-06	1.089892e-08	2.631155e-05	
1  1.68568e+07	-4.934323e+00	2.711258e+00	1.028505e-01	2.169964e+00	1.001522e+00	-1.801197e-09	2.100024e+01	1.530032e+00	1.489997e+06	8.643791e-01	1.926280e-01	2.878120e+02	7.007196e+03	1.499883e+01	1.926211e+01	1.515407e+03	1.000496e+00	1.766825e-06	1.089892e-08	2.631155e-05	
4  1.68507e+07	-4.934323e+00	2.711258e+00	1.028505e-01	2.169964e+00	1.001522e+00	-2.393697e-09	2.100020e+01	1.530034e+00	1.489997e+06	8.636984e-01	1.910384e-01	2.875938e+02	7.009447e+03	1.499865e+01	1.926314e+01	1.513687e+03	1.000017e+00	1.766647e-06	1.089892e-08	2.631155e-05	
2  1.685e+07	-4.934323e+00	2.711258e+00	1.028505e-01	2.169964e+00	1.001522e+00	-2.663622e-09	2.100016e+01	1.530036e+00	1.489997e+06	8.639874e-01	1.884584e-01	2.878104e+02	7.005856e+03	1.499942e+01	1.932415e+01	1.512876e+03	1.000535e+00	1.766691e-06	1.089892e-08	2.631155e-05	
2  1.68467e+07	-4.934323e+00	2.711258e+00	1.028505e-01	2.169964e+00	1.001522e+00	-2.648894e-09	2.100014e+01	1.530039e+00	1.489997e+06	8.652846e-01	1.930087e-01	2.877163e+02	7.004938e+03	1.499905e+01	1.932840e+01	1.508717e+03	1.000022e+00	1.766451e-06	1.089892e-08	2.631155e-05	
3  1.68448e+07	-4.934323e+00	2.711258e+00	1.028505e-01	2.169964e+00	1.001522e+00	-2.905547e-09	2.100014e+01	1.530041e+00	1.489998e+06	8.642382e-01	1.953133e-01	2.869926e+02	6.997811e+03	1.499961e+01	1.931510e+01	1.510428e+03	9.995685e-01	1.766173e-06	1.089892e-08	2.631155e-05	
1  1.68443e+07	-4.934323e+00	2.711258e+00	1.028505e-01	2.169964e+00	1.001522e+00	-3.278404e-09	2.100017e+01	1.530041e+00	1.489997e+06	8.659105e-01	1.924743e-01	2.883610e+02	6.991031e+03	1.499952e+01	1.930561e+01	1.517570e+03	1.000123e+00	1.766299e-06	1.089892e-08	2.631155e-05	
1  1.68391e+07	-4.934323e+00	2.711258e+00	1.028505e-01	2.169964e+00	1.001522e+00	-3.084813e-09	2.100020e+01	1.530044e+00	1.489997e+06	8.673071e-01	1.878698e-01	2.885096e+02	6.992522e+03	1.500070e+01	1.937156e+01	1.519506e+03	9.999409e-01	1.766181e-06	1.089892e-08	2.631155e-05	
1  1.6833e+07	-4.934323e+00	2.711258e+00	1.028505e-01	2.169964e+00	1.001522e+00	-3.030785e-09	2.100021e+01	1.530045e+00	1.489998e+06	8.757701e-01	1.887076e-01	2.889696e+02	6.982702e+03	1.500014e+01	1.938403e+01	1.518782e+03	1.000042e+00	1.766050e-06	1.089892e-08	2.631155e-05	
2  1.68278e+07	-4.934323e+00	2.711258e+00	1.028505e-01	2.169964e+00	1.001522e+00	-3.488651e-09	2.100021e+01	1.530054e+00	1.489998e+06	8.774716e-01	1.917620e-01	2.891217e+02	6.989901e+03	1.500080e+01	1.937197e+01	1.516811e+03	9.998217e-01	1.766257e-06	1.089892e-08	2.631155e-05	
5  1.68199e+07	-4.934323e+00	2.711258e+00	1.028505e-01	2.169964e+00	1.001522e+00	-4.251602e-09	2.100022e+01	1.530053e+00	1.489997e+06	8.794825e-01	1.904451e-01	2.894848e+02	6.987635e+03	1.500011e+01	1.941314e+01	1.517982e+03	9.991595e-01	1.766355e-06	1.089892e-08	2.631155e-05	
1  1.68199e+07	-4.934323e+00	2.711258e+00	1.028505e-01	2.169964e+00	1.001522e+00	-4.470761e-09	2.100020e+01	1.530042e+00	1.489997e+06	8.809324e-01	1.918497e-01	2.900072e+02	6.993971e+03	1.499937e+01	1.938725e+01	1.517278e+03	9.991706e-01	1.766113e-06	1.089892e-08	2.631155e-05	
4  1.68132e+07	-4.934323e+00	2.711258e+00	1.028505e-01	2.169964e+00	1.001522e+00	-5.190164e-09	2.100020e+01	1.530042e+00	1.489997e+06	8.856733e-01	1.939422e-01	2.900000e+02	6.988492e+03	1.499878e+01	1.935740e+01	1.513635e+03	9.993190e-01	1.766029e-06	1.089892e-08	2.631155e-05	
4  1.68012e+07	-4.934323e+00	2.711258e+00	1.028505e-01	2.169964e+00	1.001522e+00	-5.584038e-09	2.100018e+01	1.530045e+00	1.489997e+06	8.898315e-01	1.937373e-01	2.906918e+02	6.994128e+03	1.499930e+01	1.941566e+01	1.517605e+03	9.991541e-01	1.765509e-06	1.089892e-08	2.631155e-05	
1  1.67962e+07	-4.934323e+00	2.711258e+00	1.028505e-01	2.169964e+00	1.001522e+00	-5.721234e-09	2.100027e+01	1.530045e+00	1.489997e+06	8.944628e-01	2.036099e-01	2.909671e+02	6.998011e+03	1.499987e+01	1.947601e+01	1.520139e+03	9.990548e-01	1.765308e-06	1.089892e-08	2.631155e-05	
2  1.67929e+07	-4.934323e+00	2.711258e+00	1.028505e-01	2.169964e+00	1.001522e+00	-5.768683e-09	2.100024e+01	1.530045e+00	1.489997e+06	8.989304e-01	2.055889e-01	2.920881e+02	6.995277e+03	1.499844e+01	1.949113e+01	1.520499e+03	9.987003e-01	1.765420e-06	1.089892e-08	2.631155e-05	
2  1.67915e+07	-4.934323e+00	2.711258e+00	1.028505e-01	2.169964e+00	1.001522e+00	-5.732253e-09	2.100027e+01	1.530045e+00	1.489996e+06	8.980742e-01	2.070977e-01	2.911855e+02	7.002158e+03	1.499950e+01	1.952111e+01	1.523138e+03	9.986455e-01	1.765653e-06	1.089892e-08	2.631155e-05	
1  1.67887e+07	-4.934323e+00	2.711258e+00	1.028505e-01	2.169964e+00	1.001522e+00	-5.650771e-09	2.100023e+01	1.530043e+00	1.489997e+06	9.023363e-01	2.053361e-01	2.913481e+02	7.008341e+03	1.499958e+01	1.952845e+01	1.517802e+03	9.987273e-01	1.765755e-06	1.089892e-08	2.631155e-05	
2  1.67857e+07	-4.934323e+00	2.711258e+00	1.028505e-01	2.169964e+00	1.001522e+00	-5.871221e-09	2.100020e+01	1.530040e+00	1.489997e+06	9.075181e-01	2.044745e-01	2.909138e+02	7.004051e+03	1.499859e+01	1.956875e+01	1.518795e+03	9.989465e-01	1.766066e-06	1.089892e-08	2.631155e-05	
2  1.67847e+07	-4.934323e+00	2.711258e+00	1.028505e-01	2.169964e+00	1.001522e+00	-6.165660e-09	2.100023e+01	1.530042e+00	1.489997e+06	9.102200e-01	2.009673e-01	2.915190e+02	7.003069e+03	1.499830e+01	1.960712e+01	1.514463e+03	9.986578e-01	1.766879e-06	1.089892e-08	2.631155e-05	
1  1.67805e+07	-4.934323e+00	2.711258e+00	1.028505e-01	2.169964e+00	1.001522e+00	-6.317761e-09	2.100020e+01	1.530045e+00	1.489997e+06	9.158310e-01	2.033240e-01	2.926284e+02	7.014616e+03	1.499863e+01	1.961074e+01	1.509254e+03	9.986162e-01	1.767362e-06	1.089892e-08	2.631155e-05	
1  1.67758e+07	-4.934323e+00	2.711258e+00	1.028505e-01	2.169964e+00	1.001522e+00	-6.492333e-09	2.100017e+01	1.530047e+00	1.489997e+06	9.170969e-01	2.031995e-01	2.920794e+02	7.003746e+03	1.499955e+01	1.967074e+01	1.513004e+03	9.989505e-01	1.766824e-06	1.089892e-08	2.631155e-05	
4  1.67752e+07	-4.934323e+00	2.711258e+00	1.028505e-01	2.169964e+00	1.001522e+00	-6.620709e-09	2.100018e+01	1.530049e+00	1.489998e+06	9.189430e-01	2.064430e-01	2.925004e+02	7.005837e+03	1.499982e+01	1.961277e+01	1.510192e+03	9.983941e-01	1.766984e-06	1.089892e-08	2.631155e-05	
1  1.67689e+07	-4.934323e+00	2.711258e+00	1.028505e-01	2.169964e+00	1.001522e+00	-6.804731e-09	2.100017e+01	1.530055e+00	1.489998e+06	9.203112e-01	2.091769e-01	2.916654e+02	7.003636e+03	1.499955e+01	1.961786e+01	1.510494e+03	9.982322e-01	1.766467e-06	1.089892e-08	2.631155e-05	
1  1.67642e+07	-4.934323e+00	2.711258e+00	1.028505e-01	2.169964e+00	1.001522e+00	-7.260556e-09	2.100018e+01	1.530054e+00	1.489998e+06	9.224632e-01	2.087489e-01	2.911430e+02	6.998945e+03	1.499889e+01	1.966290e+01	1.517166e+03	9.981363e-01	1.766543e-06	1.089892e-08	2.631155e-05	
5  1.67605e+07	-4.934323e+00	2.711258e+00	1.028505e-01	2.169964e+00	1.001522e+00	-7.545665e-09	2.100012e+01	1.530057e+00	1.489998e+06	9.234152e-01	2.036804e-01	2.911392e+02	6.996306e+03	1.499841e+01	1.964112e+01	1.519548e+03	9.979300e-01	1.766707e-06	1.089892e-08	2.631155e-05	
3  1.67542e+07	-4.934323e+00	2.711258e+00	1.028505e-01	2.169964e+00	1.001522e+00	-7.942548e-09	2.100012e+01	1.530061e+00	1.489998e+06	9.276753e-01	2.029412e-01	2.911338e+02	6.992441e+03	1.499795e+01	1.964651e+01	1.514115e+03	9.984751e-01	1.766680e-06	1.089892e-08	2.631155e-05	
2  1.67499e+07	-4.934323e+00	2.711258e+00	1.028505e-01	2.169964e+00	1.001522e+00	-8.084230e-09	2.100008e+01	1.530056e+00	1.489998e+06	9.319126e-01	2.013034e-01	2.908918e+02	6.986548e+03	1.499742e+01	1.965403e+01	1.514586e+03	9.986741e-01	1.766498e-06	1.089892e-08	2.631155e-05	
1  1.67461e+07	-4.934323e+00	2.711258e+00	1.028505e-01	2.169964e+00	1.001522e+00	-8.155449e-09	2.100010e+01	1.530055e+00	1.489998e+06	9.380981e-01	1.952645e-01	2.921431e+02	6.985253e+03	1.499848e+01	1.967825e+01	1.515308e+03	9.988918e-01	1.766818e-06	1.089892e-08	2.631155e-05	
