2  4.23554e+11	4.510068e-02	6.742759e+00	2.274870e+00	2.297955e+00	1.001333e+00	0.000000e+00	2.100000e+01	1.530000e+00	1.490000e+06	8.200000e-01	2.000000e-01	2.880000e+02	7.000000e+03	1.500000e+01	1.900000e+01	1.485330e+03	1.000000e+00	1.770000e-06	3.926372e-07	4.158378e-03	
2  9.78706e+08	-1.159755e+00	5.524158e+00	1.188326e+00	2.293041e+00	9.987648e-01	0.000000e+00	2.100000e+01	1.530000e+00	1.490000e+06	8.200000e-01	2.000000e-01	2.880000e+02	7.000000e+03	1.500000e+01	1.900000e+01	1.485330e+03	1.000000e+00	1.770000e-06	1.552467e-08	1.999414e-04	
1  270989	-2.172505e+00	5.578396e+00	1.004516e+00	2.232456e+00	1.011732e+00	0.000000e+00	2.100000e+01	1.530000e+00	1.490000e+06	8.200000e-01	2.000000e-01	2.880000e+02	7.000000e+03	1.500000e+01	1.900000e+01	1.485330e+03	1.000000e+00	1.770000e-06	4.646129e-09	3.341828e-06	
7  270304	-2.172505e+00	5.578396e+00	1.004516e+00	2.232456e+00	1.011732e+00	-2.547847e-10	2.100001e+01	1.530007e+00	1.490001e+06	8.211012e-01	2.025198e-01	2.891577e+02	7.002441e+03	1.500001e+01	1.900051e+01	1.485388e+03	9.997019e-01	1.769555e-06	4.646129e-09	3.341828e-06	
2  270044	-2.172505e+00	5.578396e+00	1.004516e+00	2.232456e+00	1.011732e+00	-3.759718e-11	2.099996e+01	1.530006e+00	1.490001e+06	8.233759e-01	1.938891e-01	2.899038e+02	7.005117e+03	1.499929e+01	1.900110e+01	1.484231e+03	9.996383e-01	1.769506e-06	4.646129e-09	3.341828e-06	
1  269987	-2.172505e+00	5.578396e+00	1.004516e+00	2.232456e+00	1.011732e+00	-3.117682e-10	2.099999e+01	1.530006e+00	1.490002e+06	8.183327e-01	1.892672e-01	2.896232e+02	7.001672e+03	1.499853e+01	1.898169e+01	1.485755e+03	9.995836e-01	1.768877e-06	4.646129e-09	3.341828e-06	
2  269845	-2.172505e+00	5.578396e+00	1.004516e+00	2.232456e+00	1.011732e+00	-7.781915e-10	2.100000e+01	1.530008e+00	1.490002e+06	8.155169e-01	1.864211e-01	2.893580e+02	6.993950e+03	1.499791e+01	1.894650e+01	1.488213e+03	9.995326e-01	1.768716e-06	4.646129e-09	3.341828e-06	
1  269484	-2.172505e+00	5.578396e+00	1.004516e+00	2.232456e+00	1.011732e+00	-5.884309e-10	2.099999e+01	1.530008e+00	1.490002e+06	8.152206e-01	1.818036e-01	2.892596e+02	6.991734e+03	1.499843e+01	1.899435e+01	1.485057e+03	9.994393e-01	1.768165e-06	4.646129e-09	3.341828e-06	
2  269475	-2.172505e+00	5.578396e+00	1.004516e+00	2.232456e+00	1.011732e+00	-9.061490e-10	2.099997e+01	1.530005e+00	1.490002e+06	8.180977e-01	1.875531e-01	2.887402e+02	6.994843e+03	1.499884e+01	1.898548e+01	1.485816e+03	9.995567e-01	1.768578e-06	4.646129e-09	3.341828e-06	
3  268746	-2.172505e+00	5.578396e+00	1.004516e+00	2.232456e+00	1.011732e+00	-1.228248e-09	2.099994e+01	1.530010e+00	1.490002e+06	8.173707e-01	1.832325e-01	2.890459e+02	7.003415e+03	1.499803e+01	1.898295e+01	1.485326e+03	9.994670e-01	1.768360e-06	4.646129e-09	3.341828e-06	
2  268131	-2.172505e+00	5.578396e+00	1.004516e+00	2.232456e+00	1.011732e+00	-1.151870e-09	2.099996e+01	1.530012e+00	1.490002e+06	8.239931e-01	1.818227e-01	2.893927e+02	6.994416e+03	1.499796e+01	1.897301e+01	1.483924e+03	9.987414e-01	1.768595e-06	4.646129e-09	3.341828e-06	
2  267012	-2.172505e+00	5.578396e+00	1.004516e+00	2.232456e+00	1.011732e+00	-1.037613e-09	2.099998e+01	1.530009e+00	1.490002e+06	8.262777e-01	1.815283e-01	2.882012e+02	7.004968e+03	1.499810e+01	1.895377e+01	1.487262e+03	9.986110e-01	1.768277e-06	4.646129e-09	3.341828e-06	
1  266315	-2.172505e+00	5.578396e+00	1.004516e+00	2.232456e+00	1.011732e+00	-9.736023e-10	2.100000e+01	1.530010e+00	1.490001e+06	8.273345e-01	1.746471e-01	2.872009e+02	7.013579e+03	1.499764e+01	1.892917e+01	1.491640e+03	9.989864e-01	1.768248e-06	4.646129e-09	3.341828e-06	
2  265798	-2.172505e+00	5.578396e+00	1.004516e+00	2.232456e+00	1.011732e+00	-1.399711e-09	2.100002e+01	1.530012e+00	1.490001e+06	8.290179e-01	1.713915e-01	2.863008e+02	7.012494e+03	1.499766e+01	1.891259e+01	1.491972e+03	9.990566e-01	1.768567e-06	4.646129e-09	3.341828e-06	
2  265341	-2.172505e+00	5.578396e+00	1.004516e+00	2.232456e+00	1.011732e+00	-1.289074e-09	2.100007e+01	1.530013e+00	1.490001e+06	8.313600e-01	1.712036e-01	2.866148e+02	7.018025e+03	1.499767e+01	1.893931e+01	1.492879e+03	9.988218e-01	1.768482e-06	4.646129e-09	3.341828e-06	
1  264955	-2.172505e+00	5.578396e+00	1.004516e+00	2.232456e+00	1.011732e+00	-1.742546e-09	2.100007e+01	1.530015e+00	1.490002e+06	8.371998e-01	1.716391e-01	2.874504e+02	7.014614e+03	1.499851e+01	1.893488e+01	1.496142e+03	9.986402e-01	1.768818e-06	4.646129e-09	3.341828e-06	
2  264450	-2.172505e+00	5.578396e+00	1.004516e+00	2.232456e+00	1.011732e+00	-2.003252e-09	2.100007e+01	1.530015e+00	1.490001e+06	8.383588e-01	1.688514e-01	2.880107e+02	7.010203e+03	1.499826e+01	1.898177e+01	1.495280e+03	9.991271e-01	1.768566e-06	4.646129e-09	3.341828e-06	
2  263387	-2.172505e+00	5.578396e+00	1.004516e+00	2.232456e+00	1.011732e+00	-1.653106e-09	2.100003e+01	1.530012e+00	1.490001e+06	8.455842e-01	1.684592e-01	2.878919e+02	7.023591e+03	1.499841e+01	1.891281e+01	1.493829e+03	9.987248e-01	1.768476e-06	4.646129e-09	3.341828e-06	
1  263265	-2.172505e+00	5.578396e+00	1.004516e+00	2.232456e+00	1.011732e+00	-1.906886e-09	2.100004e+01	1.530010e+00	1.490002e+06	8.477651e-01	1.670841e-01	2.876505e+02	7.026545e+03	1.499774e+01	1.889046e+01	1.492869e+03	9.987494e-01	1.768810e-06	4.646129e-09	3.341828e-06	
1  262858	-2.172505e+00	5.578396e+00	1.004516e+00	2.232456e+00	1.011732e+00	-1.734328e-09	2.099995e+01	1.530013e+00	1.490002e+06	8.502988e-01	1.707858e-01	2.881866e+02	7.041092e+03	1.499683e+01	1.891772e+01	1.493307e+03	9.987200e-01	1.768922e-06	4.646129e-09	3.341828e-06	
1  262420	-2.172505e+00	5.578396e+00	1.004516e+00	2.232456e+00	1.011732e+00	-1.886804e-09	2.099992e+01	1.530013e+00	1.490001e+06	8.533987e-01	1.676632e-01	2.881469e+02	7.039584e+03	1.499788e+01	1.893637e+01	1.495666e+03	9.989060e-01	1.769305e-06	4.646129e-09	3.341828e-06	
3  261879	-2.172505e+00	5.578396e+00	1.004516e+00	2.232456e+00	1.011732e+00	-2.090040e-09	2.099997e+01	1.530013e+00	1.490001e+06	8.552767e-01	1.669005e-01	2.887275e+02	7.046667e+03	1.499869e+01	1.897536e+01	1.498490e+03	9.989654e-01	1.769023e-06	4.646129e-09	3.341828e-06	
2  261727	-2.172505e+00	5.578396e+00	1.004516e+00	2.232456e+00	1.011732e+00	-1.994027e-09	2.099993e+01	1.530017e+00	1.490002e+06	8.563977e-01	1.623414e-01	2.890047e+02	7.032848e+03	1.499956e+01	1.895411e+01	1.502092e+03	9.995490e-01	1.768668e-06	4.646129e-09	3.341828e-06	
8  261474	-2.172505e+00	5.578396e+00	1.004516e+00	2.232456e+00	1.011732e+00	-1.830093e-09	2.099989e+01	1.530019e+00	1.490002e+06	8.554935e-01	1.666758e-01	2.883700e+02	7.039878e+03	1.499918e+01	1.899197e+01	1.501245e+03	9.996466e-01	1.768252e-06	4.646129e-09	3.341828e-06	
3  260771	-2.172505e+00	5.578396e+00	1.004516e+00	2.232456e+00	1.011732e+00	-1.856707e-09	2.099982e+01	1.530024e+00	1.490001e+06	8.579310e-01	1.689962e-01	2.883546e+02	7.034780e+03	1.499899e+01	1.896416e+01	1.502126e+03	9.996795e-01	1.767896e-06	4.646129e-09	3.341828e-06	
1  260718	-2.172505e+00	5.578396e+00	1.004516e+00	2.232456e+00	1.011732e+00	-2.109315e-09	2.099988e+01	1.530026e+00	1.490000e+06	8.575589e-01	1.645978e-01	2.880611e+02	7.034192e+03	1.499898e+01	1.895065e+01	1.502333e+03	9.994946e-01	1.768573e-06	4.646129e-09	3.341828e-06	
2  260708	-2.172505e+00	5.578396e+00	1.004516e+00	2.232456e+00	1.011732e+00	-1.241864e-09	2.099987e+01	1.530028e+00	1.490000e+06	8.578782e-01	1.597557e-01	2.886695e+02	7.031446e+03	1.499821e+01	1.897024e+01	1.500570e+03	9.989105e-01	1.768485e-06	4.646129e-09	3.341828e-06	
1  260153	-2.172505e+00	5.578396e+00	1.004516e+00	2.232456e+00	1.011732e+00	-1.540830e-09	2.099983e+01	1.530025e+00	1.490000e+06	8.595252e-01	1.561329e-01	2.887577e+02	7.034858e+03	1.499803e+01	1.896154e+01	1.498905e+03	9.986294e-01	1.768503e-06	4.646129e-09	3.341828e-06	
2  259505	-2.172505e+00	5.578396e+00	1.004516e+00	2.232456e+00	1.011732e+00	-2.223607e-09	2.099991e+01	1.530025e+00	1.490000e+06	8.642441e-01	1.557606e-01	2.889877e+02	7.035411e+03	1.499862e+01	1.896136e+01	1.496331e+03	9.985575e-01	1.768899e-06	4.646129e-09	3.341828e-06	
5  258212	-2.172505e+00	5.578396e+00	1.004516e+00	2.232456e+00	1.011732e+00	-2.334740e-09	2.099993e+01	1.530034e+00	1.489999e+06	8.683364e-01	1.448413e-01	2.892293e+02	7.045552e+03	1.499836e+01	1.896679e+01	1.494326e+03	9.988709e-01	1.768409e-06	4.646129e-09	3.341828e-06	
1  257859	-2.172505e+00	5.578396e+00	1.004516e+00	2.232456e+00	1.011732e+00	-2.297264e-09	2.099991e+01	1.530032e+00	1.489999e+06	8.679047e-01	1.473231e-01	2.890964e+02	7.043776e+03	1.499859e+01	1.900895e+01	1.491740e+03	9.984284e-01	1.768185e-06	4.646129e-09	3.341828e-06	
2  257855	-2.172505e+00	5.578396e+00	1.004516e+00	2.232456e+00	1.011732e+00	-2.182272e-09	2.099997e+01	1.530027e+00	1.489999e+06	8.680522e-01	1.508595e-01	2.889557e+02	7.040460e+03	1.499837e+01	1.901208e+01	1.492517e+03	9.988688e-01	1.767644e-06	4.646129e-09	3.341828e-06	
2  256780	-2.172505e+00	5.578396e+00	1.004516e+00	2.232456e+00	1.011732e+00	-1.965917e-09	2.100001e+01	1.530026e+00	1.489999e+06	8.704304e-01	1.555092e-01	2.876269e+02	7.041713e+03	1.499827e+01	1.902088e+01	1.491161e+03	9.986561e-01	1.766593e-06	4.646129e-09	3.341828e-06	
3  256281	-2.172505e+00	5.578396e+00	1.004516e+00	2.232456e+00	1.011732e+00	-1.388464e-09	2.099996e+01	1.530023e+00	1.489998e+06	8.744707e-01	1.582406e-01	2.869682e+02	7.039991e+03	1.499960e+01	1.903289e+01	1.488724e+03	9.983454e-01	1.766462e-06	4.646129e-09	3.341828e-06	
5  255494	-2.172505e+00	5.578396e+00	1.004516e+00	2.232456e+00	1.011732e+00	-1.339773e-09	2.099990e+01	1.530019e+00	1.489998e+06	8.794853e-01	1.552104e-01	2.866038e+02	7.055577e+03	1.499969e+01	1.903255e+01	1.491311e+03	9.986054e-01	1.766742e-06	4.646129e-09	3.341828e-06	
1  254143	-2.172505e+00	5.578396e+00	1.004516e+00	2.232456e+00	1.011732e+00	-1.768593e-09	2.099988e+01	1.530024e+00	1.489998e+06	8.877993e-01	1.557337e-01	2.867624e+02	7.061544e+03	1.499992e+01	1.898828e+01	1.491248e+03	9.980564e-01	1.767048e-06	4.646129e-09	3.341828e-06	
5  253107	-2.172505e+00	5.578396e+00	1.004516e+00	2.232456e+00	1.011732e+00	-1.424104e-09	2.099984e+01	1.530026e+00	1.489998e+06	8.959146e-01	1.569277e-01	2.867085e+02	7.069012e+03	1.500047e+01	1.898646e+01	1.484549e+03	9.983373e-01	1.766498e-06	4.646129e-09	3.341828e-06	
7  252487	-2.172505e+00	5.578396e+00	1.004516e+00	2.232456e+00	1.011732e+00	-1.292994e-09	2.099983e+01	1.530030e+00	1.489998e+06	8.938582e-01	1.551149e-01	2.864419e+02	7.074089e+03	1.500083e+01	1.899950e+01	1.485838e+03	9.984330e-01	1.765845e-06	4.646129e-09	3.341828e-06	
2  252468	-2.172505e+00	5.578396e+00	1.004516e+00	2.232456e+00	1.011732e+00	-1.106902e-09	2.099983e+01	1.530027e+00	1.489997e+06	9.004494e-01	1.549336e-01	2.875633e+02	7.060407e+03	1.500134e+01	1.896888e+01	1.484274e+03	9.982120e-01	1.766104e-06	4.646129e-09	3.341828e-06	
1  252231	-2.172505e+00	5.578396e+00	1.004516e+00	2.232456e+00	1.011732e+00	-1.490057e-09	2.099985e+01	1.530030e+00	1.489998e+06	8.996252e-01	1.547469e-01	2.886462e+02	7.063458e+03	1.500064e+01	1.899129e+01	1.487603e+03	9.980759e-01	1.765917e-06	4.646129e-09	3.341828e-06	
1  251782	-2.172505e+00	5.578396e+00	1.004516e+00	2.232456e+00	1.011732e+00	-1.320265e-09	2.099988e+01	1.530036e+00	1.489998e+06	9.039269e-01	1.527971e-01	2.884747e+02	7.064943e+03	1.500016e+01	1.890006e+01	1.490456e+03	9.985894e-01	1.765734e-06	4.646129e-09	3.341828e-06	
3  251685	-2.172505e+00	5.578396e+00	1.004516e+00	2.232456e+00	1.011732e+00	-7.536271e-10	2.099986e+01	1.530036e+00	1.489998e+06	9.058758e-01	1.510962e-01	2.877856e+02	7.068022e+03	1.499980e+01	1.887028e+01	1.490593e+03	9.987370e-01	1.765594e-06	4.646129e-09	3.341828e-06	
