6  5.07696	-1.793660e+00	7.056151e+00	8.711928e-01	2.288966e+00	9.997275e-01	0.000000e+00	2.100000e+01	1.530000e+00	1.490000e+06	8.200000e-01	2.000000e-01	2.880000e+02	7.000000e+03	1.500000e+01	1.900000e+01	1.485330e+03	1.000000e+00	1.770000e-06	4.367023e-09	2.927763e-08	
5  6.91184	-1.793660e+00	7.056151e+00	8.711928e-01	2.288966e+00	9.997275e-01	8.217199e-11	2.100001e+01	1.530000e+00	1.490000e+06	8.221126e-01	1.951819e-01	2.891756e+02	7.002529e+03	1.500087e+01	1.902552e+01	1.486675e+03	1.000098e+00	1.770346e-06	4.367023e-09	2.927763e-08	
1  11.5153	-1.793660e+00	7.056151e+00	8.711928e-01	2.288966e+00	9.997275e-01	1.277136e-10	2.100003e+01	1.529997e+00	1.490000e+06	8.246922e-01	1.921825e-01	2.890095e+02	7.000985e+03	1.500083e+01	1.901907e+01	1.487524e+03	9.998522e-01	1.770237e-06	4.367023e-09	2.927763e-08	
2  6.77732	-1.793660e+00	7.056151e+00	8.711928e-01	2.288966e+00	9.997275e-01	3.686584e-10	2.099999e+01	1.530000e+00	1.490000e+06	8.220589e-01	1.855763e-01	2.890231e+02	7.009646e+03	1.500087e+01	1.905584e+01	1.486128e+03	9.996165e-01	1.770279e-06	4.367023e-09	2.927763e-08	
12  6.4647	-1.793660e+00	7.056151e+00	8.711928e-01	2.288966e+00	9.997275e-01	6.934979e-10	2.100004e+01	1.529998e+00	1.490000e+06	8.220743e-01	1.839975e-01	2.886565e+02	7.000942e+03	1.500110e+01	1.911155e+01	1.492740e+03	1.000093e+00	1.770291e-06	4.367023e-09	2.927763e-08	
2  4.44845	-1.793660e+00	7.056151e+00	8.711928e-01	2.288966e+00	9.997275e-01	8.486405e-10	2.099999e+01	1.530001e+00	1.490000e+06	8.220506e-01	1.828063e-01	2.889848e+02	7.005993e+03	1.500025e+01	1.909958e+01	1.487925e+03	1.000188e+00	1.770172e-06	4.367023e-09	2.927763e-08	
5  5.10556	-1.793660e+00	7.056151e+00	8.711928e-01	2.288966e+00	9.997275e-01	-1.192380e-10	2.099995e+01	1.530003e+00	1.490000e+06	8.220744e-01	1.860787e-01	2.890193e+02	7.003815e+03	1.500025e+01	1.911084e+01	1.490363e+03	1.000312e+00	1.770465e-06	4.367023e-09	2.927763e-08	
3  5.31714	-1.793660e+00	7.056151e+00	8.711928e-01	2.288966e+00	9.997275e-01	-1.523477e-10	2.099993e+01	1.530004e+00	1.490001e+06	8.199416e-01	1.791129e-01	2.881441e+02	7.016035e+03	1.500034e+01	1.907502e+01	1.491366e+03	1.000792e+00	1.770649e-06	4.367023e-09	2.927763e-08	
8  6.01445	-1.793660e+00	7.056151e+00	8.711928e-01	2.288966e+00	9.997275e-01	-5.625931e-10	2.099997e+01	1.530002e+00	1.490000e+06	8.143770e-01	1.822744e-01	2.868258e+02	7.011504e+03	1.500063e+01	1.909739e+01	1.495216e+03	1.000799e+00	1.770344e-06	4.367023e-09	2.927763e-08	
16  6.23222	-1.793660e+00	7.056151e+00	8.711928e-01	2.288966e+00	9.997275e-01	-4.537386e-10	2.099991e+01	1.530005e+00	1.490000e+06	8.127581e-01	1.835942e-01	2.872837e+02	7.009714e+03	1.500090e+01	1.908087e+01	1.494246e+03	1.000805e+00	1.770016e-06	4.367023e-09	2.927763e-08	
3  6.72775	-1.793660e+00	7.056151e+00	8.711928e-01	2.288966e+00	9.997275e-01	-4.453604e-10	2.099994e+01	1.530006e+00	1.490000e+06	8.167906e-01	1.786766e-01	2.880463e+02	7.009310e+03	1.500052e+01	1.905557e+01	1.492538e+03	1.000459e+00	1.770276e-06	4.367023e-09	2.927763e-08	
2  4.80343	-1.793660e+00	7.056151e+00	8.711928e-01	2.288966e+00	9.997275e-01	-1.428510e-10	2.099991e+01	1.530005e+00	1.490000e+06	8.203223e-01	1.764579e-01	2.876670e+02	6.998920e+03	1.499852e+01	1.903227e+01	1.497054e+03	1.000877e+00	1.770307e-06	4.367023e-09	2.927763e-08	
2  4.41449	-1.793660e+00	7.056151e+00	8.711928e-01	2.288966e+00	9.997275e-01	1.955448e-10	2.099997e+01	1.530003e+00	1.490000e+06	8.193150e-01	1.740645e-01	2.880301e+02	7.000357e+03	1.499890e+01	1.902576e+01	1.499381e+03	1.000586e+00	1.770194e-06	4.367023e-09	2.927763e-08	
11  4.55443	-1.793660e+00	7.056151e+00	8.711928e-01	2.288966e+00	9.997275e-01	1.617415e-10	2.099993e+01	1.530005e+00	1.490000e+06	8.189806e-01	1.670222e-01	2.884103e+02	6.996628e+03	1.499923e+01	1.908643e+01	1.495077e+03	1.000408e+00	1.770429e-06	4.367023e-09	2.927763e-08	
5  7.11248	-1.793660e+00	7.056151e+00	8.711928e-01	2.288966e+00	9.997275e-01	9.375317e-11	2.099990e+01	1.530006e+00	1.490000e+06	8.222010e-01	1.657708e-01	2.896181e+02	7.005425e+03	1.499950e+01	1.906186e+01	1.496360e+03	1.000234e+00	1.770787e-06	4.367023e-09	2.927763e-08	
2  5.20575	-1.793660e+00	7.056151e+00	8.711928e-01	2.288966e+00	9.997275e-01	-8.873591e-10	2.099990e+01	1.530007e+00	1.490001e+06	8.206779e-01	1.639526e-01	2.889233e+02	6.996369e+03	1.499835e+01	1.902290e+01	1.493501e+03	1.000452e+00	1.770803e-06	4.367023e-09	2.927763e-08	
5  7.63916	-1.793660e+00	7.056151e+00	8.711928e-01	2.288966e+00	9.997275e-01	-1.157648e-09	2.099987e+01	1.530009e+00	1.490001e+06	8.242205e-01	1.628912e-01	2.888991e+02	6.993916e+03	1.499720e+01	1.897976e+01	1.489680e+03	1.000215e+00	1.770969e-06	4.367023e-09	2.927763e-08	
10  5.11337	-1.793660e+00	7.056151e+00	8.711928e-01	2.288966e+00	9.997275e-01	-1.338325e-09	2.099990e+01	1.530007e+00	1.490001e+06	8.260470e-01	1.601227e-01	2.891376e+02	6.992146e+03	1.499756e+01	1.898615e+01	1.491570e+03	1.000474e+00	1.770936e-06	4.367023e-09	2.927763e-08	
