1  1.5248e+19	1.394245e+00	3.813852e+00	2.021660e+00	2.151881e+00	9.954050e-01	0.000000e+00	2.100000e+01	1.530000e+00	1.490000e+06	8.200000e-01	2.000000e-01	2.880000e+02	7.000000e+03	1.500000e+01	1.900000e+01	1.485330e+03	1.000000e+00	1.770000e-06	6.998805e-02	2.463713e+01	
5  1.38354e+14	4.912932e+00	6.609241e+00	1.171295e+00	2.144583e+00	1.002674e+00	0.000000e+00	2.100000e+01	1.530000e+00	1.490000e+06	8.200000e-01	2.000000e-01	2.880000e+02	7.000000e+03	1.500000e+01	1.900000e+01	1.485330e+03	1.000000e+00	1.770000e-06	4.275988e-06	7.516860e-02	
4  1.38354e+14	4.912932e+00	6.609241e+00	1.171295e+00	2.144583e+00	1.002674e+00	3.403564e-10	2.099997e+01	1.529999e+00	1.490000e+06	8.210456e-01	2.009859e-01	2.869444e+02	6.982666e+03	1.499977e+01	1.895832e+01	1.487329e+03	1.000126e+00	1.769405e-06	4.275988e-06	7.516860e-02	
1  1.38354e+14	4.912932e+00	6.609241e+00	1.171295e+00	2.144583e+00	1.002674e+00	9.780604e-12	2.099991e+01	1.529999e+00	1.490000e+06	8.195616e-01	2.034354e-01	2.871527e+02	6.973724e+03	1.499951e+01	1.895248e+01	1.486542e+03	1.000160e+00	1.768864e-06	4.275988e-06	7.516860e-02	
2  1.38354e+14	4.912932e+00	6.609241e+00	1.171295e+00	2.144583e+00	1.002674e+00	-4.478081e-11	2.099989e+01	1.530001e+00	1.490000e+06	8.195027e-01	2.011442e-01	2.870161e+02	6.974108e+03	1.499931e+01	1.898793e+01	1.489281e+03	9.993002e-01	1.769397e-06	4.275988e-06	7.516860e-02	
1  1.38354e+14	4.912932e+00	6.609241e+00	1.171295e+00	2.144583e+00	1.002674e+00	-5.703198e-10	2.099984e+01	1.530005e+00	1.489999e+06	8.197168e-01	1.964246e-01	2.876421e+02	6.965079e+03	1.499936e+01	1.897617e+01	1.491516e+03	9.988256e-01	1.768941e-06	4.275988e-06	7.516860e-02	
1  1.38354e+14	4.912932e+00	6.609241e+00	1.171295e+00	2.144583e+00	1.002674e+00	-6.566266e-10	2.099982e+01	1.530011e+00	1.489999e+06	8.236137e-01	1.986999e-01	2.879440e+02	6.961315e+03	1.499917e+01	1.903874e+01	1.491641e+03	9.990227e-01	1.769320e-06	4.275988e-06	7.516860e-02	
3  1.38354e+14	4.912932e+00	6.609241e+00	1.171295e+00	2.144583e+00	1.002674e+00	-9.016367e-10	2.099982e+01	1.530009e+00	1.489999e+06	8.222194e-01	1.983473e-01	2.870913e+02	6.954748e+03	1.499892e+01	1.910556e+01	1.495564e+03	9.989448e-01	1.769192e-06	4.275988e-06	7.516860e-02	
2  1.38354e+14	4.912932e+00	6.609241e+00	1.171295e+00	2.144583e+00	1.002674e+00	-1.572223e-09	2.099984e+01	1.530013e+00	1.489998e+06	8.187898e-01	1.974200e-01	2.864264e+02	6.950979e+03	1.499867e+01	1.910896e+01	1.495903e+03	9.987347e-01	1.769305e-06	4.275988e-06	7.516860e-02	
3  1.38354e+14	4.912932e+00	6.609241e+00	1.171295e+00	2.144583e+00	1.002674e+00	-1.921950e-09	2.099981e+01	1.530013e+00	1.489998e+06	8.196453e-01	1.994188e-01	2.864944e+02	6.955932e+03	1.499903e+01	1.908752e+01	1.494692e+03	9.985920e-01	1.768869e-06	4.275988e-06	7.516860e-02	
2  1.38354e+14	4.912932e+00	6.609241e+00	1.171295e+00	2.144583e+00	1.002674e+00	-1.612784e-09	2.099981e+01	1.530022e+00	1.489998e+06	8.198705e-01	1.999839e-01	2.862587e+02	6.955923e+03	1.499933e+01	1.912478e+01	1.491748e+03	9.986423e-01	1.768743e-06	4.275988e-06	7.516860e-02	
2  1.38354e+14	4.912932e+00	6.609241e+00	1.171295e+00	2.144583e+00	1.002674e+00	-2.150343e-09	2.099981e+01	1.530018e+00	1.489998e+06	8.296865e-01	2.048023e-01	2.869222e+02	6.968462e+03	1.500034e+01	1.915397e+01	1.492978e+03	9.983025e-01	1.768720e-06	4.275988e-06	7.516860e-02	
1  1.38354e+14	4.912932e+00	6.609241e+00	1.171295e+00	2.144583e+00	1.002674e+00	-2.177162e-09	2.099978e+01	1.530020e+00	1.489998e+06	8.417671e-01	2.006346e-01	2.855925e+02	6.962751e+03	1.500008e+01	1.914662e+01	1.489548e+03	9.985126e-01	1.769239e-06	4.275988e-06	7.516860e-02	
7  1.38354e+14	4.912932e+00	6.609241e+00	1.171295e+00	2.144583e+00	1.002674e+00	-1.995517e-09	2.099974e+01	1.530018e+00	1.489998e+06	8.429828e-01	1.977747e-01	2.856781e+02	6.961686e+03	1.500158e+01	1.916368e+01	1.490761e+03	9.982567e-01	1.769043e-06	4.275988e-06	7.516860e-02	
1  1.38354e+14	4.912932e+00	6.609241e+00	1.171295e+00	2.144583e+00	1.002674e+00	-1.839073e-09	2.099975e+01	1.530022e+00	1.489998e+06	8.433327e-01	2.054416e-01	2.858861e+02	6.969174e+03	1.500276e+01	1.915660e+01	1.492646e+03	9.979484e-01	1.768648e-06	4.275988e-06	7.516860e-02	
2  1.38354e+14	4.912932e+00	6.609241e+00	1.171295e+00	2.144583e+00	1.002674e+00	-2.156209e-09	2.099977e+01	1.530016e+00	1.489998e+06	8.505395e-01	2.004309e-01	2.847140e+02	6.969018e+03	1.500190e+01	1.914742e+01	1.497381e+03	9.981473e-01	1.768329e-06	4.275988e-06	7.516860e-02	
1  1.38354e+14	4.912932e+00	6.609241e+00	1.171295e+00	2.144583e+00	1.002674e+00	-2.056035e-09	2.099981e+01	1.530019e+00	1.489997e+06	8.525697e-01	1.944633e-01	2.853931e+02	6.973314e+03	1.500128e+01	1.915581e+01	1.496079e+03	9.978950e-01	1.767981e-06	4.275988e-06	7.516860e-02	
2  1.38354e+14	4.912932e+00	6.609241e+00	1.171295e+00	2.144583e+00	1.002674e+00	-1.924322e-09	2.099980e+01	1.530019e+00	1.489998e+06	8.556428e-01	1.954163e-01	2.847604e+02	6.982240e+03	1.500052e+01	1.914327e+01	1.494719e+03	9.983809e-01	1.768114e-06	4.275988e-06	7.516860e-02	
4  1.38354e+14	4.912932e+00	6.609241e+00	1.171295e+00	2.144583e+00	1.002674e+00	-2.245616e-09	2.099985e+01	1.530023e+00	1.489998e+06	8.583304e-01	1.952529e-01	2.849932e+02	6.984768e+03	1.500123e+01	1.915328e+01	1.490735e+03	9.982894e-01	1.768299e-06	4.275988e-06	7.516860e-02	
1  1.38354e+14	4.912932e+00	6.609241e+00	1.171295e+00	2.144583e+00	1.002674e+00	-2.953258e-09	2.099983e+01	1.530021e+00	1.489998e+06	8.641842e-01	1.933295e-01	2.845822e+02	6.973552e+03	1.500140e+01	1.911648e+01	1.490383e+03	9.987032e-01	1.769056e-06	4.275988e-06	7.516860e-02	
1  1.38354e+14	4.912932e+00	6.609241e+00	1.171295e+00	2.144583e+00	1.002674e+00	-3.462817e-09	2.099979e+01	1.530019e+00	1.489998e+06	8.729320e-01	1.904644e-01	2.841617e+02	6.981748e+03	1.500099e+01	1.908802e+01	1.488496e+03	9.988689e-01	1.769376e-06	4.275988e-06	7.516860e-02	
3  1.38354e+14	4.912932e+00	6.609241e+00	1.171295e+00	2.144583e+00	1.002674e+00	-2.985953e-09	2.099981e+01	1.530023e+00	1.489999e+06	8.755430e-01	1.890927e-01	2.840808e+02	6.980196e+03	1.500130e+01	1.906476e+01	1.487416e+03	9.980826e-01	1.769330e-06	4.275988e-06	7.516860e-02	
3  1.38354e+14	4.912932e+00	6.609241e+00	1.171295e+00	2.144583e+00	1.002674e+00	-3.122881e-09	2.099979e+01	1.530027e+00	1.489998e+06	8.769046e-01	1.905275e-01	2.840165e+02	6.979338e+03	1.500079e+01	1.915154e+01	1.484092e+03	9.976244e-01	1.769907e-06	4.275988e-06	7.516860e-02	
1  1.38354e+14	4.912932e+00	6.609241e+00	1.171295e+00	2.144583e+00	1.002674e+00	-3.195489e-09	2.099980e+01	1.530026e+00	1.489998e+06	8.777711e-01	1.926750e-01	2.838599e+02	6.978465e+03	1.500068e+01	1.916595e+01	1.483023e+03	9.979554e-01	1.769710e-06	4.275988e-06	7.516860e-02	
3  1.38354e+14	4.912932e+00	6.609241e+00	1.171295e+00	2.144583e+00	1.002674e+00	-3.161403e-09	2.099978e+01	1.530023e+00	1.489998e+06	8.797463e-01	1.868960e-01	2.841447e+02	6.986158e+03	1.500128e+01	1.914791e+01	1.477730e+03	9.981514e-01	1.769670e-06	4.275988e-06	7.516860e-02	
4  1.38354e+14	4.912932e+00	6.609241e+00	1.171295e+00	2.144583e+00	1.002674e+00	-3.797473e-09	2.099975e+01	1.530025e+00	1.489998e+06	8.796870e-01	1.871817e-01	2.836789e+02	6.992650e+03	1.500213e+01	1.919925e+01	1.479649e+03	9.975855e-01	1.769948e-06	4.275988e-06	7.516860e-02	
2  1.38354e+14	4.912932e+00	6.609241e+00	1.171295e+00	2.144583e+00	1.002674e+00	-3.903608e-09	2.099980e+01	1.530033e+00	1.489998e+06	8.787925e-01	1.827251e-01	2.838078e+02	6.979328e+03	1.500314e+01	1.927221e+01	1.475139e+03	9.977566e-01	1.770065e-06	4.275988e-06	7.516860e-02	
1  1.38354e+14	4.912932e+00	6.609241e+00	1.171295e+00	2.144583e+00	1.002674e+00	-4.308293e-09	2.099981e+01	1.530030e+00	1.489999e+06	8.812452e-01	1.848498e-01	2.837465e+02	6.985224e+03	1.500220e+01	1.921256e+01	1.480888e+03	9.979890e-01	1.769748e-06	4.275988e-06	7.516860e-02	
1  1.38354e+14	4.912932e+00	6.609241e+00	1.171295e+00	2.144583e+00	1.002674e+00	-4.376461e-09	2.099986e+01	1.530034e+00	1.489999e+06	8.780108e-01	1.894611e-01	2.831332e+02	6.989590e+03	1.500206e+01	1.926819e+01	1.484881e+03	9.981416e-01	1.768921e-06	4.275988e-06	7.516860e-02	
2  1.38353e+14	4.912932e+00	6.609241e+00	1.171295e+00	2.144583e+00	1.002674e+00	-4.823882e-09	2.099980e+01	1.530035e+00	1.489999e+06	8.828252e-01	1.939529e-01	2.825183e+02	6.994424e+03	1.500184e+01	1.925570e+01	1.487746e+03	9.980624e-01	1.769254e-06	4.275988e-06	7.516860e-02	
2  1.38353e+14	4.912932e+00	6.609241e+00	1.171295e+00	2.144583e+00	1.002674e+00	-4.572465e-09	2.099986e+01	1.530040e+00	1.489998e+06	8.845107e-01	1.921612e-01	2.828837e+02	6.997757e+03	1.500165e+01	1.922028e+01	1.492226e+03	9.978644e-01	1.768714e-06	4.275988e-06	7.516860e-02	
1  1.38353e+14	4.912932e+00	6.609241e+00	1.171295e+00	2.144583e+00	1.002674e+00	-4.952521e-09	2.099985e+01	1.530041e+00	1.489998e+06	8.858108e-01	1.892313e-01	2.816251e+02	6.990268e+03	1.500223e+01	1.927440e+01	1.492470e+03	9.977876e-01	1.768382e-06	4.275988e-06	7.516860e-02	
1  1.38353e+14	4.912932e+00	6.609241e+00	1.171295e+00	2.144583e+00	1.002674e+00	-5.246016e-09	2.099978e+01	1.530040e+00	1.489999e+06	8.893586e-01	1.887416e-01	2.822549e+02	6.984122e+03	1.500295e+01	1.928322e+01	1.495659e+03	9.976545e-01	1.768344e-06	4.275988e-06	7.516860e-02	
1  1.38353e+14	4.912932e+00	6.609241e+00	1.171295e+00	2.144583e+00	1.002674e+00	-5.433586e-09	2.099979e+01	1.530035e+00	1.489999e+06	8.913279e-01	1.890261e-01	2.820511e+02	6.989250e+03	1.500261e+01	1.930598e+01	1.491198e+03	9.977109e-01	1.768528e-06	4.275988e-06	7.516860e-02	
2  1.38353e+14	4.912932e+00	6.609241e+00	1.171295e+00	2.144583e+00	1.002674e+00	-5.666046e-09	2.099979e+01	1.530041e+00	1.489998e+06	8.944388e-01	1.918936e-01	2.818077e+02	6.995064e+03	1.500334e+01	1.929539e+01	1.487175e+03	9.977987e-01	1.768425e-06	4.275988e-06	7.516860e-02	
1  1.38353e+14	4.912932e+00	6.609241e+00	1.171295e+00	2.144583e+00	1.002674e+00	-5.714662e-09	2.099979e+01	1.530042e+00	1.489998e+06	8.953993e-01	1.916228e-01	2.819303e+02	7.000000e+03	1.500275e+01	1.937573e+01	1.485024e+03	9.978161e-01	1.769157e-06	4.275988e-06	7.516860e-02	
3  1.38353e+14	4.912932e+00	6.609241e+00	1.171295e+00	2.144583e+00	1.002674e+00	-5.518491e-09	2.099983e+01	1.530041e+00	1.489997e+06	8.981386e-01	1.947072e-01	2.829177e+02	7.003513e+03	1.500382e+01	1.935353e+01	1.487480e+03	9.974395e-01	1.768544e-06	4.275988e-06	7.516860e-02	
2  1.38353e+14	4.912932e+00	6.609241e+00	1.171295e+00	2.144583e+00	1.002674e+00	-5.324980e-09	2.099985e+01	1.530043e+00	1.489997e+06	9.012453e-01	1.945557e-01	2.827377e+02	7.004067e+03	1.500463e+01	1.934385e+01	1.491388e+03	9.972756e-01	1.768279e-06	4.275988e-06	7.516860e-02	
1  1.38353e+14	4.912932e+00	6.609241e+00	1.171295e+00	2.144583e+00	1.002674e+00	-5.163990e-09	2.099986e+01	1.530039e+00	1.489997e+06	8.986797e-01	1.954073e-01	2.814239e+02	7.006994e+03	1.500346e+01	1.941061e+01	1.489097e+03	9.971253e-01	1.767739e-06	4.275988e-06	7.516860e-02	
1  1.38353e+14	4.912932e+00	6.609241e+00	1.171295e+00	2.144583e+00	1.002674e+00	-5.367549e-09	2.099986e+01	1.530039e+00	1.489996e+06	8.956593e-01	1.979796e-01	2.808718e+02	7.010865e+03	1.500317e+01	1.942076e+01	1.487333e+03	9.974899e-01	1.767200e-06	4.275988e-06	7.516860e-02	
3  1.38353e+14	4.912932e+00	6.609241e+00	1.171295e+00	2.144583e+00	1.002674e+00	-5.507275e-09	2.099990e+01	1.530040e+00	1.489996e+06	8.951084e-01	2.023548e-01	2.812890e+02	7.007830e+03	1.500246e+01	1.933801e+01	1.487131e+03	9.970751e-01	1.767014e-06	4.275988e-06	7.516860e-02	
1  1.38353e+14	4.912932e+00	6.609241e+00	1.171295e+00	2.144583e+00	1.002674e+00	-6.104866e-09	2.099995e+01	1.530038e+00	1.489996e+06	8.946715e-01	2.043977e-01	2.801379e+02	7.007013e+03	1.500272e+01	1.935391e+01	1.484536e+03	9.974959e-01	1.767054e-06	4.275988e-06	7.516860e-02	
1  1.38353e+14	4.912932e+00	6.609241e+00	1.171295e+00	2.144583e+00	1.002674e+00	-6.365524e-09	2.099998e+01	1.530041e+00	1.489996e+06	8.939489e-01	2.079545e-01	2.799116e+02	7.011849e+03	1.500174e+01	1.937700e+01	1.486853e+03	9.974958e-01	1.766707e-06	4.275988e-06	7.516860e-02	
1  1.38353e+14	4.912932e+00	6.609241e+00	1.171295e+00	2.144583e+00	1.002674e+00	-6.326345e-09	2.100002e+01	1.530042e+00	1.489995e+06	8.943810e-01	2.051604e-01	2.788571e+02	7.012117e+03	1.500156e+01	1.930558e+01	1.488707e+03	9.976928e-01	1.766513e-06	4.275988e-06	7.516860e-02	
1  1.38353e+14	4.912932e+00	6.609241e+00	1.171295e+00	2.144583e+00	1.002674e+00	-7.096010e-09	2.100004e+01	1.530045e+00	1.489995e+06	8.961577e-01	2.065355e-01	2.791889e+02	7.010990e+03	1.500204e+01	1.933033e+01	1.486669e+03	9.977244e-01	1.766527e-06	4.275988e-06	7.516860e-02	
1  1.38353e+14	4.912932e+00	6.609241e+00	1.171295e+00	2.144583e+00	1.002674e+00	-7.003531e-09	2.100001e+01	1.530042e+00	1.489995e+06	9.026291e-01	2.089397e-01	2.794967e+02	7.012396e+03	1.500226e+01	1.928639e+01	1.485943e+03	9.978794e-01	1.766595e-06	4.275988e-06	7.516860e-02	
1  1.38353e+14	4.912932e+00	6.609241e+00	1.171295e+00	2.144583e+00	1.002674e+00	-7.266707e-09	2.100000e+01	1.530039e+00	1.489995e+06	8.985163e-01	2.051013e-01	2.795963e+02	7.021485e+03	1.500265e+01	1.926156e+01	1.483538e+03	9.974983e-01	1.766182e-06	4.275988e-06	7.516860e-02	
2  1.38353e+14	4.912932e+00	6.609241e+00	1.171295e+00	2.144583e+00	1.002674e+00	-7.113837e-09	2.099994e+01	1.530037e+00	1.489995e+06	9.005924e-01	2.051640e-01	2.791846e+02	7.019639e+03	1.500229e+01	1.924298e+01	1.484228e+03	9.975293e-01	1.765587e-06	4.275988e-06	7.516860e-02	
1  1.38353e+14	4.912932e+00	6.609241e+00	1.171295e+00	2.144583e+00	1.002674e+00	-7.433344e-09	2.099993e+01	1.530043e+00	1.489995e+06	9.044916e-01	2.020917e-01	2.785013e+02	7.016907e+03	1.500240e+01	1.922355e+01	1.485131e+03	9.971951e-01	1.765945e-06	4.275988e-06	7.516860e-02	
2  1.38353e+14	4.912932e+00	6.609241e+00	1.171295e+00	2.144583e+00	1.002674e+00	-7.650151e-09	2.099992e+01	1.530048e+00	1.489995e+06	9.066285e-01	2.108310e-01	2.789964e+02	7.025811e+03	1.500204e+01	1.923274e+01	1.483338e+03	9.965488e-01	1.766065e-06	4.275988e-06	7.516860e-02	
1  1.38353e+14	4.912932e+00	6.609241e+00	1.171295e+00	2.144583e+00	1.002674e+00	-7.831473e-09	2.099995e+01	1.530047e+00	1.489996e+06	9.084175e-01	2.089119e-01	2.785406e+02	7.029058e+03	1.500203e+01	1.923719e+01	1.484490e+03	9.964941e-01	1.765937e-06	4.275988e-06	7.516860e-02	
1  1.38353e+14	4.912932e+00	6.609241e+00	1.171295e+00	2.144583e+00	1.002674e+00	-7.743030e-09	2.099996e+01	1.530051e+00	1.489996e+06	9.113636e-01	2.071971e-01	2.787316e+02	7.039454e+03	1.500341e+01	1.925234e+01	1.480280e+03	9.961633e-01	1.766554e-06	4.275988e-06	7.516860e-02	
2  1.38353e+14	4.912932e+00	6.609241e+00	1.171295e+00	2.144583e+00	1.002674e+00	-8.065923e-09	2.099993e+01	1.530051e+00	1.489996e+06	9.146061e-01	2.063298e-01	2.785920e+02	7.041255e+03	1.500370e+01	1.920605e+01	1.478742e+03	9.956151e-01	1.766605e-06	4.275988e-06	7.516860e-02	
