3  5.36852e+12	-1.705238e+00	4.192324e+00	2.527406e+00	2.259409e+00	1.006008e+00	0.000000e+00	2.100000e+01	1.530000e+00	1.490000e+06	8.200000e-01	2.000000e-01	2.880000e+02	7.000000e+03	1.500000e+01	1.900000e+01	1.485330e+03	1.000000e+00	1.770000e-06	7.232898e-05	1.447459e-02	
2  1.08605e+10	-2.976861e+00	4.389134e+00	2.631988e+00	2.148492e+00	1.004676e+00	0.000000e+00	2.100000e+01	1.530000e+00	1.490000e+06	8.200000e-01	2.000000e-01	2.880000e+02	7.000000e+03	1.500000e+01	1.900000e+01	1.485330e+03	1.000000e+00	1.770000e-06	3.121670e-06	6.516887e-04	
2  1.08605e+10	-2.976861e+00	4.389134e+00	2.631988e+00	2.148492e+00	1.004676e+00	-5.654336e-10	2.099998e+01	1.530003e+00	1.490000e+06	8.220653e-01	2.057250e-01	2.886317e+02	7.004947e+03	1.499967e+01	1.896779e+01	1.487045e+03	1.000614e+00	1.770065e-06	3.121670e-06	6.516887e-04	
1  1.08602e+10	-2.976861e+00	4.389134e+00	2.631988e+00	2.148492e+00	1.004676e+00	-9.374935e-10	2.100005e+01	1.530005e+00	1.490001e+06	8.265203e-01	2.089234e-01	2.880070e+02	7.006453e+03	1.500089e+01	1.895494e+01	1.484772e+03	1.000523e+00	1.769646e-06	3.121670e-06	6.516887e-04	
2  1.08601e+10	-2.976861e+00	4.389134e+00	2.631988e+00	2.148492e+00	1.004676e+00	-1.073132e-09	2.100005e+01	1.530008e+00	1.490001e+06	8.261623e-01	2.087652e-01	2.865777e+02	7.013693e+03	1.500137e+01	1.894655e+01	1.482655e+03	1.000875e+00	1.769401e-06	3.121670e-06	6.516887e-04	
1  1.08599e+10	-2.976861e+00	4.389134e+00	2.631988e+00	2.148492e+00	1.004676e+00	-1.139684e-09	2.100010e+01	1.530010e+00	1.490000e+06	8.285361e-01	2.040309e-01	2.869608e+02	7.013681e+03	1.500212e+01	1.896413e+01	1.489068e+03	1.000559e+00	1.769555e-06	3.121670e-06	6.516887e-04	
1  1.08599e+10	-2.976861e+00	4.389134e+00	2.631988e+00	2.148492e+00	1.004676e+00	-7.640693e-10	2.100006e+01	1.530016e+00	1.489999e+06	8.275928e-01	2.095720e-01	2.873642e+02	7.013140e+03	1.500364e+01	1.898369e+01	1.493990e+03	1.000971e+00	1.769110e-06	3.121670e-06	6.516887e-04	
1  1.08598e+10	-2.976861e+00	4.389134e+00	2.631988e+00	2.148492e+00	1.004676e+00	-4.456312e-10	2.100005e+01	1.530013e+00	1.489999e+06	8.324485e-01	2.109407e-01	2.876179e+02	7.008409e+03	1.500333e+01	1.898627e+01	1.497434e+03	1.000607e+00	1.769050e-06	3.121670e-06	6.516887e-04	
1  1.08597e+10	-2.976861e+00	4.389134e+00	2.631988e+00	2.148492e+00	1.004676e+00	-4.091871e-10	2.099999e+01	1.530014e+00	1.489999e+06	8.381329e-01	2.120239e-01	2.877724e+02	7.018589e+03	1.500315e+01	1.899101e+01	1.497082e+03	1.000513e+00	1.769368e-06	3.121670e-06	6.516887e-04	
1  1.08595e+10	-2.976861e+00	4.389134e+00	2.631988e+00	2.148492e+00	1.004676e+00	-9.854623e-10	2.100000e+01	1.530017e+00	1.489999e+06	8.402807e-01	2.165827e-01	2.870114e+02	7.017926e+03	1.500361e+01	1.897909e+01	1.493252e+03	9.999882e-01	1.769556e-06	3.121670e-06	6.516887e-04	
2  1.08593e+10	-2.976861e+00	4.389134e+00	2.631988e+00	2.148492e+00	1.004676e+00	-8.950677e-10	2.100004e+01	1.530016e+00	1.489999e+06	8.451077e-01	2.158133e-01	2.867455e+02	7.027796e+03	1.500337e+01	1.897015e+01	1.494606e+03	9.995552e-01	1.769436e-06	3.121670e-06	6.516887e-04	
3  1.08591e+10	-2.976861e+00	4.389134e+00	2.631988e+00	2.148492e+00	1.004676e+00	-1.592520e-09	2.100003e+01	1.530015e+00	1.490000e+06	8.458929e-01	2.094096e-01	2.864995e+02	7.039371e+03	1.500289e+01	1.895704e+01	1.491821e+03	9.994204e-01	1.769035e-06	3.121670e-06	6.516887e-04	
3  1.08591e+10	-2.976861e+00	4.389134e+00	2.631988e+00	2.148492e+00	1.004676e+00	-1.716736e-09	2.100002e+01	1.530018e+00	1.490000e+06	8.483195e-01	2.121567e-01	2.865147e+02	7.044428e+03	1.500249e+01	1.898457e+01	1.496511e+03	9.992069e-01	1.769351e-06	3.121670e-06	6.516887e-04	
4  1.08589e+10	-2.976861e+00	4.389134e+00	2.631988e+00	2.148492e+00	1.004676e+00	-1.844413e-09	2.100004e+01	1.530012e+00	1.490000e+06	8.506921e-01	2.110052e-01	2.865789e+02	7.054557e+03	1.500226e+01	1.894753e+01	1.495576e+03	9.992617e-01	1.768647e-06	3.121670e-06	6.516887e-04	
1  1.08589e+10	-2.976861e+00	4.389134e+00	2.631988e+00	2.148492e+00	1.004676e+00	-1.438757e-09	2.100002e+01	1.530014e+00	1.490000e+06	8.557047e-01	2.138733e-01	2.867464e+02	7.053982e+03	1.500250e+01	1.891494e+01	1.498194e+03	9.994872e-01	1.768926e-06	3.121670e-06	6.516887e-04	
1  1.08588e+10	-2.976861e+00	4.389134e+00	2.631988e+00	2.148492e+00	1.004676e+00	-1.648818e-09	2.100006e+01	1.530012e+00	1.490000e+06	8.587613e-01	2.113816e-01	2.865683e+02	7.055321e+03	1.500176e+01	1.892972e+01	1.496434e+03	9.995361e-01	1.768859e-06	3.121670e-06	6.516887e-04	
2  1.08587e+10	-2.976861e+00	4.389134e+00	2.631988e+00	2.148492e+00	1.004676e+00	-1.491794e-09	2.100005e+01	1.530007e+00	1.490000e+06	8.648631e-01	2.124556e-01	2.864654e+02	7.054770e+03	1.500243e+01	1.891110e+01	1.498601e+03	9.997972e-01	1.768819e-06	3.121670e-06	6.516887e-04	
1  1.08586e+10	-2.976861e+00	4.389134e+00	2.631988e+00	2.148492e+00	1.004676e+00	-1.676633e-09	2.100006e+01	1.530009e+00	1.490000e+06	8.706462e-01	2.146973e-01	2.863327e+02	7.058199e+03	1.500192e+01	1.887328e+01	1.499901e+03	9.999790e-01	1.769165e-06	3.121670e-06	6.516887e-04	
1  1.08586e+10	-2.976861e+00	4.389134e+00	2.631988e+00	2.148492e+00	1.004676e+00	-1.488058e-09	2.100003e+01	1.530004e+00	1.490000e+06	8.757799e-01	2.107781e-01	2.861961e+02	7.042465e+03	1.500215e+01	1.885013e+01	1.501970e+03	1.000171e+00	1.769073e-06	3.121670e-06	6.516887e-04	
3  1.08586e+10	-2.976861e+00	4.389134e+00	2.631988e+00	2.148492e+00	1.004676e+00	-1.353004e-09	2.100002e+01	1.530008e+00	1.490000e+06	8.742623e-01	2.093638e-01	2.859798e+02	7.050903e+03	1.500303e+01	1.880448e+01	1.503675e+03	9.997083e-01	1.769288e-06	3.121670e-06	6.516887e-04	
1  1.08585e+10	-2.976861e+00	4.389134e+00	2.631988e+00	2.148492e+00	1.004676e+00	-1.445018e-09	2.100009e+01	1.530008e+00	1.490000e+06	8.742570e-01	2.083786e-01	2.857608e+02	7.065247e+03	1.500295e+01	1.880868e+01	1.506416e+03	9.999262e-01	1.769485e-06	3.121670e-06	6.516887e-04	
4  1.08585e+10	-2.976861e+00	4.389134e+00	2.631988e+00	2.148492e+00	1.004676e+00	-1.827575e-09	2.100009e+01	1.530016e+00	1.490000e+06	8.707422e-01	2.074404e-01	2.861381e+02	7.075435e+03	1.500215e+01	1.879966e+01	1.504688e+03	9.996013e-01	1.769805e-06	3.121670e-06	6.516887e-04	
1  1.08584e+10	-2.976861e+00	4.389134e+00	2.631988e+00	2.148492e+00	1.004676e+00	-1.648851e-09	2.100004e+01	1.530019e+00	1.490000e+06	8.735541e-01	2.054190e-01	2.857006e+02	7.073706e+03	1.500202e+01	1.877216e+01	1.505541e+03	9.996552e-01	1.770156e-06	3.121670e-06	6.516887e-04	
3  1.08583e+10	-2.976861e+00	4.389134e+00	2.631988e+00	2.148492e+00	1.004676e+00	-1.554127e-09	2.100000e+01	1.530023e+00	1.490000e+06	8.757802e-01	2.007343e-01	2.856509e+02	7.062107e+03	1.500270e+01	1.878714e+01	1.504189e+03	9.986616e-01	1.770151e-06	3.121670e-06	6.516887e-04	
2  1.08582e+10	-2.976861e+00	4.389134e+00	2.631988e+00	2.148492e+00	1.004676e+00	-1.391106e-09	2.099999e+01	1.530023e+00	1.490000e+06	8.762948e-01	2.041004e-01	2.858587e+02	7.070654e+03	1.500239e+01	1.877510e+01	1.505744e+03	9.981851e-01	1.769778e-06	3.121670e-06	6.516887e-04	
1  1.08582e+10	-2.976861e+00	4.389134e+00	2.631988e+00	2.148492e+00	1.004676e+00	-7.080057e-10	2.099993e+01	1.530023e+00	1.489999e+06	8.770469e-01	2.030575e-01	2.860253e+02	7.067873e+03	1.500229e+01	1.875886e+01	1.507308e+03	9.977985e-01	1.769337e-06	3.121670e-06	6.516887e-04	
1  1.08581e+10	-2.976861e+00	4.389134e+00	2.631988e+00	2.148492e+00	1.004676e+00	-4.645982e-10	2.099996e+01	1.530022e+00	1.489999e+06	8.780443e-01	2.075457e-01	2.853098e+02	7.069299e+03	1.500143e+01	1.874091e+01	1.509002e+03	9.975451e-01	1.769016e-06	3.121670e-06	6.516887e-04	
4  1.0858e+10	-2.976861e+00	4.389134e+00	2.631988e+00	2.148492e+00	1.004676e+00	-3.453816e-10	2.099998e+01	1.530020e+00	1.489999e+06	8.801231e-01	2.111004e-01	2.841091e+02	7.072237e+03	1.500181e+01	1.877477e+01	1.509544e+03	9.976398e-01	1.768806e-06	3.121670e-06	6.516887e-04	
3  1.0858e+10	-2.976861e+00	4.389134e+00	2.631988e+00	2.148492e+00	1.004676e+00	-9.119037e-10	2.100002e+01	1.530020e+00	1.489999e+06	8.782480e-01	2.078671e-01	2.843974e+02	7.074981e+03	1.500256e+01	1.877683e+01	1.513272e+03	9.975642e-01	1.769170e-06	3.121670e-06	6.516887e-04	
1  1.08578e+10	-2.976861e+00	4.389134e+00	2.631988e+00	2.148492e+00	1.004676e+00	-1.447237e-09	2.100000e+01	1.530027e+00	1.489999e+06	8.849098e-01	2.085581e-01	2.852909e+02	7.078570e+03	1.500325e+01	1.877660e+01	1.515710e+03	9.979471e-01	1.769419e-06	3.121670e-06	6.516887e-04	
1  1.08576e+10	-2.976861e+00	4.389134e+00	2.631988e+00	2.148492e+00	1.004676e+00	-1.484228e-09	2.100006e+01	1.530026e+00	1.489998e+06	8.874620e-01	2.067129e-01	2.849377e+02	7.070386e+03	1.500346e+01	1.877514e+01	1.520947e+03	9.985495e-01	1.768997e-06	3.121670e-06	6.516887e-04	
1  1.08575e+10	-2.976861e+00	4.389134e+00	2.631988e+00	2.148492e+00	1.004676e+00	-1.832975e-09	2.100007e+01	1.530025e+00	1.489998e+06	8.918694e-01	2.048938e-01	2.849104e+02	7.069959e+03	1.500379e+01	1.872196e+01	1.512131e+03	9.985220e-01	1.769248e-06	3.121670e-06	6.516887e-04	
2  1.08575e+10	-2.976861e+00	4.389134e+00	2.631988e+00	2.148492e+00	1.004676e+00	-2.006028e-09	2.100005e+01	1.530028e+00	1.489998e+06	8.901137e-01	2.047470e-01	2.849377e+02	7.073716e+03	1.500341e+01	1.873560e+01	1.513670e+03	9.981320e-01	1.769475e-06	3.121670e-06	6.516887e-04	
1  1.08573e+10	-2.976861e+00	4.389134e+00	2.631988e+00	2.148492e+00	1.004676e+00	-2.051441e-09	2.100006e+01	1.530032e+00	1.489997e+06	8.895900e-01	1.978907e-01	2.842913e+02	7.075113e+03	1.500345e+01	1.871247e+01	1.513704e+03	9.984252e-01	1.769211e-06	3.121670e-06	6.516887e-04	
1  1.08573e+10	-2.976861e+00	4.389134e+00	2.631988e+00	2.148492e+00	1.004676e+00	-2.098057e-09	2.100012e+01	1.530036e+00	1.489997e+06	8.913756e-01	1.945524e-01	2.834368e+02	7.066660e+03	1.500369e+01	1.872916e+01	1.511947e+03	9.984261e-01	1.769668e-06	3.121670e-06	6.516887e-04	
3  1.08572e+10	-2.976861e+00	4.389134e+00	2.631988e+00	2.148492e+00	1.004676e+00	-2.245677e-09	2.100012e+01	1.530041e+00	1.489997e+06	8.885976e-01	1.906777e-01	2.822169e+02	7.067634e+03	1.500303e+01	1.873839e+01	1.516484e+03	9.987161e-01	1.769906e-06	3.121670e-06	6.516887e-04	
1  1.08572e+10	-2.976861e+00	4.389134e+00	2.631988e+00	2.148492e+00	1.004676e+00	-2.407044e-09	2.100014e+01	1.530044e+00	1.489997e+06	8.900306e-01	1.949786e-01	2.825495e+02	7.069407e+03	1.500257e+01	1.871093e+01	1.519536e+03	9.986047e-01	1.770174e-06	3.121670e-06	6.516887e-04	
2  1.08571e+10	-2.976861e+00	4.389134e+00	2.631988e+00	2.148492e+00	1.004676e+00	-2.113802e-09	2.100018e+01	1.530042e+00	1.489997e+06	8.916182e-01	1.985533e-01	2.820303e+02	7.063612e+03	1.500257e+01	1.870696e+01	1.522497e+03	9.986673e-01	1.769661e-06	3.121670e-06	6.516887e-04	
2  1.08571e+10	-2.976861e+00	4.389134e+00	2.631988e+00	2.148492e+00	1.004676e+00	-2.333684e-09	2.100017e+01	1.530035e+00	1.489998e+06	8.933968e-01	1.920660e-01	2.821123e+02	7.066282e+03	1.500271e+01	1.871666e+01	1.521632e+03	9.981829e-01	1.769737e-06	3.121670e-06	6.516887e-04	
4  1.0857e+10	-2.976861e+00	4.389134e+00	2.631988e+00	2.148492e+00	1.004676e+00	-2.508022e-09	2.100019e+01	1.530034e+00	1.489998e+06	8.956850e-01	1.963037e-01	2.825896e+02	7.079009e+03	1.500221e+01	1.876823e+01	1.522115e+03	9.976503e-01	1.769382e-06	3.121670e-06	6.516887e-04	
3  1.08568e+10	-2.976861e+00	4.389134e+00	2.631988e+00	2.148492e+00	1.004676e+00	-2.698718e-09	2.100017e+01	1.530041e+00	1.489998e+06	8.963133e-01	1.984567e-01	2.830254e+02	7.082267e+03	1.500210e+01	1.878354e+01	1.522247e+03	9.973790e-01	1.769251e-06	3.121670e-06	6.516887e-04	
4  1.08567e+10	-2.976861e+00	4.389134e+00	2.631988e+00	2.148492e+00	1.004676e+00	-2.465752e-09	2.100019e+01	1.530040e+00	1.489998e+06	8.993180e-01	1.928924e-01	2.835888e+02	7.084208e+03	1.500263e+01	1.878590e+01	1.523824e+03	9.972386e-01	1.769293e-06	3.121670e-06	6.516887e-04	
2  1.08567e+10	-2.976861e+00	4.389134e+00	2.631988e+00	2.148492e+00	1.004676e+00	-2.828757e-09	2.100017e+01	1.530036e+00	1.489998e+06	9.031216e-01	1.910419e-01	2.847030e+02	7.086760e+03	1.500223e+01	1.881062e+01	1.524060e+03	9.970197e-01	1.769493e-06	3.121670e-06	6.516887e-04	
3  1.08564e+10	-2.976861e+00	4.389134e+00	2.631988e+00	2.148492e+00	1.004676e+00	-2.832403e-09	2.100021e+01	1.530042e+00	1.489997e+06	9.073968e-01	1.953072e-01	2.846155e+02	7.083041e+03	1.500182e+01	1.879956e+01	1.526313e+03	9.971114e-01	1.769142e-06	3.121670e-06	6.516887e-04	
1  1.08564e+10	-2.976861e+00	4.389134e+00	2.631988e+00	2.148492e+00	1.004676e+00	-3.480873e-09	2.100022e+01	1.530041e+00	1.489997e+06	9.088386e-01	1.900177e-01	2.857437e+02	7.085276e+03	1.500307e+01	1.871639e+01	1.530048e+03	9.970957e-01	1.769360e-06	3.121670e-06	6.516887e-04	
1  1.08563e+10	-2.976861e+00	4.389134e+00	2.631988e+00	2.148492e+00	1.004676e+00	-3.847877e-09	2.100021e+01	1.530039e+00	1.489997e+06	9.097184e-01	1.909897e-01	2.861411e+02	7.086609e+03	1.500332e+01	1.871765e+01	1.529355e+03	9.970294e-01	1.769035e-06	3.121670e-06	6.516887e-04	
2  1.08562e+10	-2.976861e+00	4.389134e+00	2.631988e+00	2.148492e+00	1.004676e+00	-3.673961e-09	2.100014e+01	1.530038e+00	1.489997e+06	9.155434e-01	1.905312e-01	2.855724e+02	7.098200e+03	1.500389e+01	1.879715e+01	1.528421e+03	9.965334e-01	1.769148e-06	3.121670e-06	6.516887e-04	
2  1.08562e+10	-2.976861e+00	4.389134e+00	2.631988e+00	2.148492e+00	1.004676e+00	-3.769072e-09	2.100015e+01	1.530040e+00	1.489997e+06	9.149028e-01	1.943809e-01	2.850227e+02	7.096613e+03	1.500375e+01	1.883175e+01	1.532520e+03	9.961755e-01	1.769424e-06	3.121670e-06	6.516887e-04	
4  1.08561e+10	-2.976861e+00	4.389134e+00	2.631988e+00	2.148492e+00	1.004676e+00	-3.390077e-09	2.100015e+01	1.530043e+00	1.489997e+06	9.162224e-01	1.932531e-01	2.846125e+02	7.084878e+03	1.500455e+01	1.889305e+01	1.534306e+03	9.963994e-01	1.769026e-06	3.121670e-06	6.516887e-04	
2  1.0856e+10	-2.976861e+00	4.389134e+00	2.631988e+00	2.148492e+00	1.004676e+00	-3.104483e-09	2.100012e+01	1.530043e+00	1.489997e+06	9.209292e-01	1.865586e-01	2.839805e+02	7.072064e+03	1.500494e+01	1.883026e+01	1.533785e+03	9.967231e-01	1.768959e-06	3.121670e-06	6.516887e-04	
1  1.0856e+10	-2.976861e+00	4.389134e+00	2.631988e+00	2.148492e+00	1.004676e+00	-3.084331e-09	2.100010e+01	1.530045e+00	1.489997e+06	9.199632e-01	1.831536e-01	2.831486e+02	7.060137e+03	1.500722e+01	1.885645e+01	1.538668e+03	9.965549e-01	1.768822e-06	3.121670e-06	6.516887e-04	
