1  8.42546e+10	-1.088629e+00	4.702988e+00	6.756297e-01	2.085374e+00	1.001273e+00	0.000000e+00	2.100000e+01	1.530000e+00	1.490000e+06	8.200000e-01	2.000000e-01	2.880000e+02	7.000000e+03	1.500000e+01	1.900000e+01	1.485330e+03	1.000000e+00	1.770000e-06	1.076221e-07	1.854999e-03	
4  5.41977	-4.962607e+00	6.669053e+00	1.577974e+00	2.124809e+00	1.010438e+00	0.000000e+00	2.100000e+01	1.530000e+00	1.490000e+06	8.200000e-01	2.000000e-01	2.880000e+02	7.000000e+03	1.500000e+01	1.900000e+01	1.485330e+03	1.000000e+00	1.770000e-06	4.197419e-09	3.077314e-08	
6  5.06386	-4.962607e+00	6.669053e+00	1.577974e+00	2.124809e+00	1.010438e+00	-3.779147e-10	2.100001e+01	1.530001e+00	1.490000e+06	8.224971e-01	2.006059e-01	2.866473e+02	7.001752e+03	1.499996e+01	1.900027e+01	1.488346e+03	1.000258e+00	1.769735e-06	4.197419e-09	3.077314e-08	
7  5.02138	-4.962607e+00	6.669053e+00	1.577974e+00	2.124809e+00	1.010438e+00	-3.505312e-10	2.099997e+01	1.530002e+00	1.490001e+06	8.214354e-01	1.993854e-01	2.878647e+02	7.001937e+03	1.499943e+01	1.893575e+01	1.488494e+03	1.000015e+00	1.769760e-06	4.197419e-09	3.077314e-08	
13  3.07427	-4.962607e+00	6.669053e+00	1.577974e+00	2.124809e+00	1.010438e+00	-3.977329e-10	2.099992e+01	1.530004e+00	1.490001e+06	8.242032e-01	2.003537e-01	2.873533e+02	7.004515e+03	1.499951e+01	1.895491e+01	1.487804e+03	1.000137e+00	1.769951e-06	4.197419e-09	3.077314e-08	
1  4.24131	-4.962607e+00	6.669053e+00	1.577974e+00	2.124809e+00	1.010438e+00	-9.917816e-10	2.099993e+01	1.530004e+00	1.490001e+06	8.234912e-01	1.927010e-01	2.881883e+02	6.996027e+03	1.499971e+01	1.895140e+01	1.491892e+03	1.000969e+00	1.770120e-06	4.197419e-09	3.077314e-08	
10  4.38796	-4.962607e+00	6.669053e+00	1.577974e+00	2.124809e+00	1.010438e+00	-9.297267e-10	2.099992e+01	1.530003e+00	1.490001e+06	8.240439e-01	1.899689e-01	2.886210e+02	6.997182e+03	1.499833e+01	1.897787e+01	1.491466e+03	1.001135e+00	1.770530e-06	4.197419e-09	3.077314e-08	
1  2.80694	-4.962607e+00	6.669053e+00	1.577974e+00	2.124809e+00	1.010438e+00	-7.587430e-10	2.099987e+01	1.530007e+00	1.490001e+06	8.214424e-01	1.880425e-01	2.881719e+02	7.009165e+03	1.499741e+01	1.897566e+01	1.494757e+03	1.001131e+00	1.770453e-06	4.197419e-09	3.077314e-08	
9  4.11078	-4.962607e+00	6.669053e+00	1.577974e+00	2.124809e+00	1.010438e+00	-1.059692e-09	2.099988e+01	1.530008e+00	1.490000e+06	8.211764e-01	1.833463e-01	2.883388e+02	7.003190e+03	1.499757e+01	1.895212e+01	1.488648e+03	1.000668e+00	1.770532e-06	4.197419e-09	3.077314e-08	
3  3.37964	-4.962607e+00	6.669053e+00	1.577974e+00	2.124809e+00	1.010438e+00	-9.495160e-10	2.099992e+01	1.530005e+00	1.490001e+06	8.206604e-01	1.842325e-01	2.889968e+02	7.006861e+03	1.499871e+01	1.895883e+01	1.487513e+03	1.000033e+00	1.770227e-06	4.197419e-09	3.077314e-08	
5  2.07683	-4.962607e+00	6.669053e+00	1.577974e+00	2.124809e+00	1.010438e+00	-1.418039e-09	2.099988e+01	1.530008e+00	1.490000e+06	8.227644e-01	1.831415e-01	2.890297e+02	7.008720e+03	1.499888e+01	1.896655e+01	1.489257e+03	1.000295e+00	1.770300e-06	4.197419e-09	3.077314e-08	
5  1.1398	-4.962607e+00	6.669053e+00	1.577974e+00	2.124809e+00	1.010438e+00	-1.276343e-09	2.099990e+01	1.530007e+00	1.490000e+06	8.262459e-01	1.820865e-01	2.887341e+02	7.001623e+03	1.499861e+01	1.895605e+01	1.490587e+03	1.000488e+00	1.770192e-06	4.197419e-09	3.077314e-08	
10  1.11035	-4.962607e+00	6.669053e+00	1.577974e+00	2.124809e+00	1.010438e+00	-1.296208e-09	2.099992e+01	1.530006e+00	1.490000e+06	8.238308e-01	1.853504e-01	2.892753e+02	6.998244e+03	1.499834e+01	1.894251e+01	1.487456e+03	1.000123e+00	1.769888e-06	4.197419e-09	3.077314e-08	
3  4.39705	-4.962607e+00	6.669053e+00	1.577974e+00	2.124809e+00	1.010438e+00	-1.388301e-09	2.099986e+01	1.530008e+00	1.490000e+06	8.221513e-01	1.811682e-01	2.890719e+02	6.990405e+03	1.499806e+01	1.895866e+01	1.485298e+03	1.000670e+00	1.769903e-06	4.197419e-09	3.077314e-08	
2  2.7179	-4.962607e+00	6.669053e+00	1.577974e+00	2.124809e+00	1.010438e+00	-1.460057e-09	2.099987e+01	1.530010e+00	1.490000e+06	8.245936e-01	1.774403e-01	2.887409e+02	6.980133e+03	1.499771e+01	1.898321e+01	1.485337e+03	1.000707e+00	1.769935e-06	4.197419e-09	3.077314e-08	
15  0.691372	-4.962607e+00	6.669053e+00	1.577974e+00	2.124809e+00	1.010438e+00	-1.230535e-09	2.099990e+01	1.530007e+00	1.490000e+06	8.249078e-01	1.757769e-01	2.889327e+02	6.972060e+03	1.499723e+01	1.902731e+01	1.493585e+03	1.000317e+00	1.770274e-06	4.197419e-09	3.077314e-08	
5  1.87907	-4.962607e+00	6.669053e+00	1.577974e+00	2.124809e+00	1.010438e+00	-6.960259e-10	2.099989e+01	1.530007e+00	1.490001e+06	8.258771e-01	1.659237e-01	2.894755e+02	6.967255e+03	1.499737e+01	1.900597e+01	1.491686e+03	1.000378e+00	1.770461e-06	4.197419e-09	3.077314e-08	
