2  4.85487	-1.567084e+00	7.521300e+00	1.014706e+00	2.142917e+00	1.009553e+00	0.000000e+00	2.100000e+01	1.530000e+00	1.490000e+06	8.200000e-01	2.000000e-01	2.880000e+02	7.000000e+03	1.500000e+01	1.900000e+01	1.485330e+03	1.000000e+00	1.770000e-06	4.222097e-09	2.980882e-08	
2  5.61785	-2.800453e+00	8.386531e+00	6.799761e-01	2.199910e+00	1.008209e+00	0.000000e+00	2.100000e+01	1.530000e+00	1.490000e+06	8.200000e-01	2.000000e-01	2.880000e+02	7.000000e+03	1.500000e+01	1.900000e+01	1.485330e+03	1.000000e+00	1.770000e-06	4.324491e-09	3.031126e-08	
2  3.9842	-5.307293e+00	9.350300e+00	1.635374e+00	2.092979e+00	1.009681e+00	0.000000e+00	2.100000e+01	1.530000e+00	1.490000e+06	8.200000e-01	2.000000e-01	2.880000e+02	7.000000e+03	1.500000e+01	1.900000e+01	1.485330e+03	1.000000e+00	1.770000e-06	4.113664e-09	2.907084e-08	
11  3.2061	-5.307293e+00	9.350300e+00	1.635374e+00	2.092979e+00	1.009681e+00	1.308551e-10	2.099994e+01	1.530003e+00	1.489999e+06	8.215808e-01	1.974324e-01	2.884627e+02	6.996832e+03	1.500004e+01	1.900918e+01	1.486347e+03	1.000167e+00	1.769634e-06	4.113664e-09	2.907084e-08	
18  1.37444	-5.307293e+00	9.350300e+00	1.635374e+00	2.092979e+00	1.009681e+00	-2.711639e-10	2.099996e+01	1.530004e+00	1.489999e+06	8.240413e-01	1.944831e-01	2.883661e+02	7.007021e+03	1.500003e+01	1.898637e+01	1.482371e+03	9.999997e-01	1.769508e-06	4.113664e-09	2.907084e-08	
7  2.02553	-5.307293e+00	9.350300e+00	1.635374e+00	2.092979e+00	1.009681e+00	-1.257599e-10	2.099993e+01	1.530005e+00	1.489999e+06	8.210462e-01	1.928497e-01	2.886123e+02	7.009478e+03	1.500034e+01	1.900143e+01	1.481936e+03	1.000213e+00	1.769035e-06	4.113664e-09	2.907084e-08	
2  2.72852	-5.307293e+00	9.350300e+00	1.635374e+00	2.092979e+00	1.009681e+00	-1.572774e-10	2.099994e+01	1.530005e+00	1.489999e+06	8.271675e-01	1.998356e-01	2.884585e+02	7.007840e+03	1.500172e+01	1.903709e+01	1.481210e+03	9.998464e-01	1.769242e-06	4.113664e-09	2.907084e-08	
2  3.24403	-5.307293e+00	9.350300e+00	1.635374e+00	2.092979e+00	1.009681e+00	-5.623782e-12	2.099994e+01	1.530004e+00	1.489999e+06	8.255990e-01	1.941382e-01	2.881677e+02	7.004060e+03	1.500251e+01	1.902896e+01	1.480530e+03	9.993913e-01	1.769006e-06	4.113664e-09	2.907084e-08	
5  3.26428	-5.307293e+00	9.350300e+00	1.635374e+00	2.092979e+00	1.009681e+00	1.924940e-10	2.099990e+01	1.530006e+00	1.490000e+06	8.230736e-01	1.930780e-01	2.881016e+02	7.000316e+03	1.500257e+01	1.903026e+01	1.482266e+03	9.998755e-01	1.768855e-06	4.113664e-09	2.907084e-08	
4  3.01432	-5.307293e+00	9.350300e+00	1.635374e+00	2.092979e+00	1.009681e+00	2.038505e-10	2.099983e+01	1.530011e+00	1.490000e+06	8.229036e-01	1.868057e-01	2.883726e+02	7.003849e+03	1.500190e+01	1.910688e+01	1.485889e+03	1.000082e+00	1.769144e-06	4.113664e-09	2.907084e-08	
3  1.97568	-5.307293e+00	9.350300e+00	1.635374e+00	2.092979e+00	1.009681e+00	-1.460434e-10	2.099985e+01	1.530011e+00	1.490000e+06	8.260290e-01	1.905713e-01	2.880783e+02	7.007433e+03	1.500128e+01	1.904678e+01	1.484576e+03	9.997034e-01	1.769695e-06	4.113664e-09	2.907084e-08	
1  2.97057	-5.307293e+00	9.350300e+00	1.635374e+00	2.092979e+00	1.009681e+00	-5.606121e-10	2.099984e+01	1.530011e+00	1.490000e+06	8.187328e-01	1.963235e-01	2.879452e+02	7.016069e+03	1.500092e+01	1.903343e+01	1.485725e+03	9.997221e-01	1.769600e-06	4.113664e-09	2.907084e-08	
6  2.63375	-5.307293e+00	9.350300e+00	1.635374e+00	2.092979e+00	1.009681e+00	-2.603082e-10	2.099978e+01	1.530013e+00	1.490000e+06	8.160748e-01	1.989903e-01	2.887458e+02	7.014903e+03	1.500173e+01	1.906144e+01	1.487781e+03	1.000269e+00	1.768679e-06	4.113664e-09	2.907084e-08	
1  1.91696	-5.307293e+00	9.350300e+00	1.635374e+00	2.092979e+00	1.009681e+00	8.367661e-11	2.099979e+01	1.530013e+00	1.490000e+06	8.177053e-01	1.930396e-01	2.885328e+02	7.017496e+03	1.500246e+01	1.906428e+01	1.480969e+03	1.000060e+00	1.768587e-06	4.113664e-09	2.907084e-08	
4  1.72684	-5.307293e+00	9.350300e+00	1.635374e+00	2.092979e+00	1.009681e+00	2.822590e-10	2.099979e+01	1.530013e+00	1.490000e+06	8.192079e-01	1.912650e-01	2.892870e+02	7.022955e+03	1.500263e+01	1.908499e+01	1.481406e+03	9.997727e-01	1.768680e-06	4.113664e-09	2.907084e-08	
4  2.72123	-5.307293e+00	9.350300e+00	1.635374e+00	2.092979e+00	1.009681e+00	2.597676e-10	2.099980e+01	1.530011e+00	1.490000e+06	8.170426e-01	1.898243e-01	2.890931e+02	7.012732e+03	1.500279e+01	1.904447e+01	1.484806e+03	9.993450e-01	1.768696e-06	4.113664e-09	2.907084e-08	
5  2.52566	-5.307293e+00	9.350300e+00	1.635374e+00	2.092979e+00	1.009681e+00	2.427133e-10	2.099982e+01	1.530010e+00	1.490000e+06	8.220133e-01	1.921885e-01	2.890544e+02	7.013972e+03	1.500242e+01	1.908619e+01	1.484371e+03	9.995974e-01	1.768505e-06	4.113664e-09	2.907084e-08	
20  1.98076	-5.307293e+00	9.350300e+00	1.635374e+00	2.092979e+00	1.009681e+00	-1.771568e-10	2.099983e+01	1.530010e+00	1.490001e+06	8.219094e-01	1.912408e-01	2.885745e+02	7.010388e+03	1.500286e+01	1.904878e+01	1.481312e+03	9.994579e-01	1.768527e-06	4.113664e-09	2.907084e-08	
1  1.21764	-5.307293e+00	9.350300e+00	1.635374e+00	2.092979e+00	1.009681e+00	2.430583e-11	2.099983e+01	1.530010e+00	1.490000e+06	8.230775e-01	1.968722e-01	2.878417e+02	7.015741e+03	1.500313e+01	1.906182e+01	1.479288e+03	9.996180e-01	1.768945e-06	4.113664e-09	2.907084e-08	
