6  4.1978e+16	-3.160974e-01	1.942838e-01	1.361283e-01	2.182423e+00	1.003716e+00	0.000000e+00	2.100000e+01	1.530000e+00	1.490000e+06	8.200000e-01	2.000000e-01	2.880000e+02	7.000000e+03	1.500000e+01	1.900000e+01	1.485330e+03	1.000000e+00	1.770000e-06	1.925375e-01	4.808231e-02	
1  4.1978e+16	-3.160974e-01	1.942838e-01	1.361283e-01	2.182423e+00	1.003716e+00	-1.895374e-10	2.099998e+01	1.530004e+00	1.490000e+06	8.217368e-01	1.955784e-01	2.866593e+02	6.999930e+03	1.499954e+01	1.902812e+01	1.478858e+03	9.998969e-01	1.769502e-06	1.925375e-01	4.808231e-02	
1  4.1978e+16	-3.160974e-01	1.942838e-01	1.361283e-01	2.182423e+00	1.003716e+00	-2.022867e-10	2.099998e+01	1.530002e+00	1.489999e+06	8.228663e-01	1.940978e-01	2.885242e+02	7.010330e+03	1.499913e+01	1.904538e+01	1.476867e+03	1.000510e+00	1.769355e-06	1.925375e-01	4.808231e-02	
1  4.1978e+16	-3.160974e-01	1.942838e-01	1.361283e-01	2.182423e+00	1.003716e+00	-7.085340e-11	2.099996e+01	1.529998e+00	1.490000e+06	8.244628e-01	1.982400e-01	2.875740e+02	7.026336e+03	1.499872e+01	1.903175e+01	1.476985e+03	1.000069e+00	1.769194e-06	1.925375e-01	4.808231e-02	
2  4.1978e+16	-3.160974e-01	1.942838e-01	1.361283e-01	2.182423e+00	1.003716e+00	2.562175e-11	2.100001e+01	1.529999e+00	1.490000e+06	8.227836e-01	1.931951e-01	2.876226e+02	7.035201e+03	1.499872e+01	1.895040e+01	1.477063e+03	1.000068e+00	1.769004e-06	1.925375e-01	4.808231e-02	
2  4.1978e+16	-3.160974e-01	1.942838e-01	1.361283e-01	2.182423e+00	1.003716e+00	3.106874e-10	2.099999e+01	1.530000e+00	1.489999e+06	8.229638e-01	1.915286e-01	2.877249e+02	7.031175e+03	1.499879e+01	1.896511e+01	1.468858e+03	1.000223e+00	1.768624e-06	1.925375e-01	4.808231e-02	
2  4.1978e+16	-3.160974e-01	1.942838e-01	1.361283e-01	2.182423e+00	1.003716e+00	3.014569e-10	2.100005e+01	1.530000e+00	1.489999e+06	8.270465e-01	1.936338e-01	2.876111e+02	7.031027e+03	1.499936e+01	1.895189e+01	1.472665e+03	1.000170e+00	1.768254e-06	1.925375e-01	4.808231e-02	
4  4.1978e+16	-3.160974e-01	1.942838e-01	1.361283e-01	2.182423e+00	1.003716e+00	4.627658e-10	2.100006e+01	1.530001e+00	1.489999e+06	8.311095e-01	1.928670e-01	2.873907e+02	7.035482e+03	1.499948e+01	1.890218e+01	1.477433e+03	1.000284e+00	1.767821e-06	1.925375e-01	4.808231e-02	
2  4.1978e+16	-3.160974e-01	1.942838e-01	1.361283e-01	2.182423e+00	1.003716e+00	5.785081e-10	2.100006e+01	1.529998e+00	1.489999e+06	8.316183e-01	1.943806e-01	2.871698e+02	7.030084e+03	1.500016e+01	1.892696e+01	1.479672e+03	1.000490e+00	1.767497e-06	1.925375e-01	4.808231e-02	
1  4.1978e+16	-3.160974e-01	1.942838e-01	1.361283e-01	2.182423e+00	1.003716e+00	5.717935e-10	2.100008e+01	1.529992e+00	1.489999e+06	8.325361e-01	2.015383e-01	2.863973e+02	7.026814e+03	1.500069e+01	1.891749e+01	1.487299e+03	1.001052e+00	1.767119e-06	1.925375e-01	4.808231e-02	
3  4.1978e+16	-3.160974e-01	1.942838e-01	1.361283e-01	2.182423e+00	1.003716e+00	7.434928e-10	2.100008e+01	1.529995e+00	1.489999e+06	8.311555e-01	1.997233e-01	2.863084e+02	7.026047e+03	1.500102e+01	1.895977e+01	1.488173e+03	1.001345e+00	1.766747e-06	1.925375e-01	4.808231e-02	
2  4.1978e+16	-3.160974e-01	1.942838e-01	1.361283e-01	2.182423e+00	1.003716e+00	6.263023e-10	2.100012e+01	1.529997e+00	1.489999e+06	8.327664e-01	1.977191e-01	2.864571e+02	7.034043e+03	1.500158e+01	1.896065e+01	1.486623e+03	1.001181e+00	1.767075e-06	1.925375e-01	4.808231e-02	
2  4.1978e+16	-3.160974e-01	1.942838e-01	1.361283e-01	2.182423e+00	1.003716e+00	5.205595e-10	2.100004e+01	1.529989e+00	1.489999e+06	8.319256e-01	1.931906e-01	2.871087e+02	7.039685e+03	1.500149e+01	1.896887e+01	1.487199e+03	1.000880e+00	1.766955e-06	1.925375e-01	4.808231e-02	
1  4.1978e+16	-3.160974e-01	1.942838e-01	1.361283e-01	2.182423e+00	1.003716e+00	1.168699e-09	2.100008e+01	1.529989e+00	1.489999e+06	8.361713e-01	1.910083e-01	2.881801e+02	7.054197e+03	1.500177e+01	1.895839e+01	1.487394e+03	1.000575e+00	1.766507e-06	1.925375e-01	4.808231e-02	
3  4.1978e+16	-3.160974e-01	1.942838e-01	1.361283e-01	2.182423e+00	1.003716e+00	9.818081e-10	2.100014e+01	1.529986e+00	1.489999e+06	8.381675e-01	1.900442e-01	2.870254e+02	7.062496e+03	1.500206e+01	1.890909e+01	1.488570e+03	1.000650e+00	1.766332e-06	1.925375e-01	4.808231e-02	
1  4.1978e+16	-3.160974e-01	1.942838e-01	1.361283e-01	2.182423e+00	1.003716e+00	3.087580e-10	2.100013e+01	1.529989e+00	1.489999e+06	8.409198e-01	1.853392e-01	2.873126e+02	7.061226e+03	1.500226e+01	1.891755e+01	1.490032e+03	1.001328e+00	1.766161e-06	1.925375e-01	4.808231e-02	
1  4.1978e+16	-3.160974e-01	1.942838e-01	1.361283e-01	2.182423e+00	1.003716e+00	1.609678e-10	2.100013e+01	1.529995e+00	1.489999e+06	8.446466e-01	1.879619e-01	2.874015e+02	7.059536e+03	1.500294e+01	1.890766e+01	1.492423e+03	1.001558e+00	1.766446e-06	1.925375e-01	4.808231e-02	
1  4.1978e+16	-3.160974e-01	1.942838e-01	1.361283e-01	2.182423e+00	1.003716e+00	8.500217e-10	2.100011e+01	1.529992e+00	1.489998e+06	8.452562e-01	1.871754e-01	2.873135e+02	7.058228e+03	1.500314e+01	1.891578e+01	1.497165e+03	1.001578e+00	1.766061e-06	1.925375e-01	4.808231e-02	
2  4.1978e+16	-3.160974e-01	1.942838e-01	1.361283e-01	2.182423e+00	1.003716e+00	1.463846e-09	2.100013e+01	1.529996e+00	1.489998e+06	8.452849e-01	1.893247e-01	2.871398e+02	7.062280e+03	1.500295e+01	1.901009e+01	1.495818e+03	1.001870e+00	1.766131e-06	1.925375e-01	4.808231e-02	
1  4.1978e+16	-3.160974e-01	1.942838e-01	1.361283e-01	2.182423e+00	1.003716e+00	9.926681e-10	2.100008e+01	1.529997e+00	1.489998e+06	8.534401e-01	1.887473e-01	2.884004e+02	7.058158e+03	1.500246e+01	1.897906e+01	1.495630e+03	1.002053e+00	1.765993e-06	1.925375e-01	4.808231e-02	
2  4.1978e+16	-3.160974e-01	1.942838e-01	1.361283e-01	2.182423e+00	1.003716e+00	9.440246e-10	2.100007e+01	1.529995e+00	1.489998e+06	8.564497e-01	1.905865e-01	2.875701e+02	7.046041e+03	1.500149e+01	1.904038e+01	1.500212e+03	1.002195e+00	1.766178e-06	1.925375e-01	4.808231e-02	
1  4.1978e+16	-3.160974e-01	1.942838e-01	1.361283e-01	2.182423e+00	1.003716e+00	1.428384e-09	2.100010e+01	1.529996e+00	1.489998e+06	8.585093e-01	1.920387e-01	2.866884e+02	7.042137e+03	1.500172e+01	1.902009e+01	1.496565e+03	1.002586e+00	1.766279e-06	1.925375e-01	4.808231e-02	
2  4.1978e+16	-3.160974e-01	1.942838e-01	1.361283e-01	2.182423e+00	1.003716e+00	1.614292e-09	2.100011e+01	1.529998e+00	1.489998e+06	8.627038e-01	1.942716e-01	2.860938e+02	7.044430e+03	1.500168e+01	1.904227e+01	1.494609e+03	1.002257e+00	1.765841e-06	1.925375e-01	4.808231e-02	
2  4.1978e+16	-3.160974e-01	1.942838e-01	1.361283e-01	2.182423e+00	1.003716e+00	1.848946e-09	2.100011e+01	1.529998e+00	1.489998e+06	8.628348e-01	1.960285e-01	2.865367e+02	7.051531e+03	1.500139e+01	1.904385e+01	1.496954e+03	1.001804e+00	1.765746e-06	1.925375e-01	4.808231e-02	
2  4.1978e+16	-3.160974e-01	1.942838e-01	1.361283e-01	2.182423e+00	1.003716e+00	2.416686e-09	2.100009e+01	1.529998e+00	1.489998e+06	8.648687e-01	1.937062e-01	2.866905e+02	7.058488e+03	1.500228e+01	1.902212e+01	1.495108e+03	1.001848e+00	1.765818e-06	1.925375e-01	4.808231e-02	
2  4.1978e+16	-3.160974e-01	1.942838e-01	1.361283e-01	2.182423e+00	1.003716e+00	2.659123e-09	2.100007e+01	1.530000e+00	1.489998e+06	8.647974e-01	1.923106e-01	2.866304e+02	7.066989e+03	1.500189e+01	1.901884e+01	1.492040e+03	1.002234e+00	1.765778e-06	1.925375e-01	4.808231e-02	
1  4.1978e+16	-3.160974e-01	1.942838e-01	1.361283e-01	2.182423e+00	1.003716e+00	2.992560e-09	2.100005e+01	1.530013e+00	1.489998e+06	8.676324e-01	1.850372e-01	2.862659e+02	7.050898e+03	1.500200e+01	1.894589e+01	1.488709e+03	1.002296e+00	1.765667e-06	1.925375e-01	4.808231e-02	
3  4.1978e+16	-3.160974e-01	1.942838e-01	1.361283e-01	2.182423e+00	1.003716e+00	2.685078e-09	2.100007e+01	1.530016e+00	1.489999e+06	8.636839e-01	1.783928e-01	2.862487e+02	7.050603e+03	1.500189e+01	1.896377e+01	1.489530e+03	1.002426e+00	1.765388e-06	1.925375e-01	4.808231e-02	
4  4.1978e+16	-3.160974e-01	1.942838e-01	1.361283e-01	2.182423e+00	1.003716e+00	2.811965e-09	2.100011e+01	1.530013e+00	1.489999e+06	8.671455e-01	1.792852e-01	2.861017e+02	7.049318e+03	1.500196e+01	1.895601e+01	1.496771e+03	1.002385e+00	1.765170e-06	1.925375e-01	4.808231e-02	
1  4.1978e+16	-3.160974e-01	1.942838e-01	1.361283e-01	2.182423e+00	1.003716e+00	2.526881e-09	2.100006e+01	1.530010e+00	1.489999e+06	8.673761e-01	1.713449e-01	2.866783e+02	7.046808e+03	1.500211e+01	1.894697e+01	1.497053e+03	1.002555e+00	1.765150e-06	1.925375e-01	4.808231e-02	
2  4.1978e+16	-3.160974e-01	1.942838e-01	1.361283e-01	2.182423e+00	1.003716e+00	2.597777e-09	2.100010e+01	1.530007e+00	1.489999e+06	8.667334e-01	1.679305e-01	2.873024e+02	7.052803e+03	1.500184e+01	1.892830e+01	1.496671e+03	1.002487e+00	1.764761e-06	1.925375e-01	4.808231e-02	
3  4.1978e+16	-3.160974e-01	1.942838e-01	1.361283e-01	2.182423e+00	1.003716e+00	2.707423e-09	2.100011e+01	1.530007e+00	1.489999e+06	8.718838e-01	1.665724e-01	2.882785e+02	7.055393e+03	1.500152e+01	1.895528e+01	1.495625e+03	1.002788e+00	1.764613e-06	1.925375e-01	4.808231e-02	
2  4.1978e+16	-3.160974e-01	1.942838e-01	1.361283e-01	2.182423e+00	1.003716e+00	2.702545e-09	2.100010e+01	1.530013e+00	1.489998e+06	8.713430e-01	1.672825e-01	2.882454e+02	7.065563e+03	1.500115e+01	1.890395e+01	1.490652e+03	1.002275e+00	1.764541e-06	1.925375e-01	4.808231e-02	
3  4.1978e+16	-3.160974e-01	1.942838e-01	1.361283e-01	2.182423e+00	1.003716e+00	2.812035e-09	2.100015e+01	1.530010e+00	1.489998e+06	8.776077e-01	1.649394e-01	2.886973e+02	7.056847e+03	1.500091e+01	1.894436e+01	1.491111e+03	1.002623e+00	1.764363e-06	1.925375e-01	4.808231e-02	
1  4.1978e+16	-3.160974e-01	1.942838e-01	1.361283e-01	2.182423e+00	1.003716e+00	2.638672e-09	2.100013e+01	1.530015e+00	1.489999e+06	8.787611e-01	1.578486e-01	2.890445e+02	7.064535e+03	1.500078e+01	1.891312e+01	1.494270e+03	1.002620e+00	1.764610e-06	1.925375e-01	4.808231e-02	
1  4.1978e+16	-3.160974e-01	1.942838e-01	1.361283e-01	2.182423e+00	1.003716e+00	2.453032e-09	2.100012e+01	1.530013e+00	1.489999e+06	8.804946e-01	1.542360e-01	2.899644e+02	7.069663e+03	1.500096e+01	1.897083e+01	1.493371e+03	1.002453e+00	1.763951e-06	1.925375e-01	4.808231e-02	
3  4.1978e+16	-3.160974e-01	1.942838e-01	1.361283e-01	2.182423e+00	1.003716e+00	2.234109e-09	2.100013e+01	1.530008e+00	1.489999e+06	8.863999e-01	1.544063e-01	2.901422e+02	7.068748e+03	1.500048e+01	1.897594e+01	1.493737e+03	1.002102e+00	1.763554e-06	1.925375e-01	4.808231e-02	
9  4.1978e+16	-3.160974e-01	1.942838e-01	1.361283e-01	2.182423e+00	1.003716e+00	2.492563e-09	2.100015e+01	1.530012e+00	1.489998e+06	8.846233e-01	1.573190e-01	2.899786e+02	7.060472e+03	1.500026e+01	1.901378e+01	1.494718e+03	1.002374e+00	1.763340e-06	1.925375e-01	4.808231e-02	
2  4.1978e+16	-3.160974e-01	1.942838e-01	1.361283e-01	2.182423e+00	1.003716e+00	1.950718e-09	2.100010e+01	1.530019e+00	1.489998e+06	8.855431e-01	1.571269e-01	2.901317e+02	7.056813e+03	1.500178e+01	1.900285e+01	1.490175e+03	1.002263e+00	1.763361e-06	1.925375e-01	4.808231e-02	
2  4.1978e+16	-3.160974e-01	1.942838e-01	1.361283e-01	2.182423e+00	1.003716e+00	1.576371e-09	2.100013e+01	1.530021e+00	1.489997e+06	8.867661e-01	1.623914e-01	2.896520e+02	7.050296e+03	1.500171e+01	1.901216e+01	1.491151e+03	1.002506e+00	1.763183e-06	1.925375e-01	4.808231e-02	
2  4.1978e+16	-3.160974e-01	1.942838e-01	1.361283e-01	2.182423e+00	1.003716e+00	1.082858e-09	2.100011e+01	1.530024e+00	1.489996e+06	8.887012e-01	1.572851e-01	2.893295e+02	7.060171e+03	1.500257e+01	1.902534e+01	1.490715e+03	1.002482e+00	1.763102e-06	1.925375e-01	4.808231e-02	
1  4.1978e+16	-3.160974e-01	1.942838e-01	1.361283e-01	2.182423e+00	1.003716e+00	9.174613e-10	2.100011e+01	1.530028e+00	1.489997e+06	8.891485e-01	1.532862e-01	2.889884e+02	7.065805e+03	1.500177e+01	1.899597e+01	1.494686e+03	1.002088e+00	1.762749e-06	1.925375e-01	4.808231e-02	
2  4.1978e+16	-3.160974e-01	1.942838e-01	1.361283e-01	2.182423e+00	1.003716e+00	1.400477e-09	2.100012e+01	1.530024e+00	1.489997e+06	8.854647e-01	1.554866e-01	2.906851e+02	7.079749e+03	1.500220e+01	1.900988e+01	1.492610e+03	1.002521e+00	1.761778e-06	1.925375e-01	4.808231e-02	
1  4.1978e+16	-3.160974e-01	1.942838e-01	1.361283e-01	2.182423e+00	1.003716e+00	5.785163e-10	2.100011e+01	1.530032e+00	1.489996e+06	8.862473e-01	1.571815e-01	2.906306e+02	7.087599e+03	1.500240e+01	1.904011e+01	1.494231e+03	1.003075e+00	1.761802e-06	1.925375e-01	4.808231e-02	
1  4.1978e+16	-3.160974e-01	1.942838e-01	1.361283e-01	2.182423e+00	1.003716e+00	5.438314e-10	2.100005e+01	1.530034e+00	1.489996e+06	8.908472e-01	1.584378e-01	2.899533e+02	7.076183e+03	1.500228e+01	1.904701e+01	1.492045e+03	1.002748e+00	1.761893e-06	1.925375e-01	4.808231e-02	
6  4.1978e+16	-3.160974e-01	1.942838e-01	1.361283e-01	2.182423e+00	1.003716e+00	3.493894e-10	2.100002e+01	1.530026e+00	1.489996e+06	8.949156e-01	1.584718e-01	2.904768e+02	7.070366e+03	1.500233e+01	1.902228e+01	1.489853e+03	1.002986e+00	1.761743e-06	1.925375e-01	4.808231e-02	
