2  7.89371e+10	1.275670e+00	9.592290e+00	3.376216e+00	2.271845e+00	9.931251e-01	0.000000e+00	2.100000e+01	1.530000e+00	1.490000e+06	8.200000e-01	2.000000e-01	2.880000e+02	7.000000e+03	1.500000e+01	1.900000e+01	1.485330e+03	1.000000e+00	1.770000e-06	4.202966e-07	1.794057e-03	
3  9.7637e+07	2.444886e+00	8.624170e+00	2.059979e+00	2.155977e+00	9.899414e-01	0.000000e+00	2.100000e+01	1.530000e+00	1.490000e+06	8.200000e-01	2.000000e-01	2.880000e+02	7.000000e+03	1.500000e+01	1.900000e+01	1.485330e+03	1.000000e+00	1.770000e-06	7.467395e-09	6.316406e-05	
1  9.76229e+07	2.444886e+00	8.624170e+00	2.059979e+00	2.155977e+00	9.899414e-01	1.074656e-10	2.099998e+01	1.530000e+00	1.489999e+06	8.245046e-01	1.980586e-01	2.884419e+02	6.998275e+03	1.500042e+01	1.902505e+01	1.484700e+03	9.994994e-01	1.769991e-06	7.467395e-09	6.316406e-05	
3  9.76098e+07	2.444886e+00	8.624170e+00	2.059979e+00	2.155977e+00	9.899414e-01	-3.179444e-10	2.099994e+01	1.530004e+00	1.490000e+06	8.257175e-01	1.949766e-01	2.879198e+02	7.001575e+03	1.500045e+01	1.903183e+01	1.480014e+03	9.994815e-01	1.770128e-06	7.467395e-09	6.316406e-05	
1  9.7606e+07	2.444886e+00	8.624170e+00	2.059979e+00	2.155977e+00	9.899414e-01	1.305900e-10	2.099998e+01	1.530007e+00	1.489999e+06	8.258801e-01	2.032010e-01	2.875751e+02	7.009969e+03	1.500093e+01	1.897030e+01	1.482094e+03	9.991668e-01	1.769881e-06	7.467395e-09	6.316406e-05	
4  9.75931e+07	2.444886e+00	8.624170e+00	2.059979e+00	2.155977e+00	9.899414e-01	1.432084e-10	2.099999e+01	1.530006e+00	1.490000e+06	8.295752e-01	2.010544e-01	2.866162e+02	7.011159e+03	1.500137e+01	1.895136e+01	1.485424e+03	9.994871e-01	1.769683e-06	7.467395e-09	6.316406e-05	
4  9.75863e+07	2.444886e+00	8.624170e+00	2.059979e+00	2.155977e+00	9.899414e-01	-2.789367e-10	2.099996e+01	1.530006e+00	1.490000e+06	8.271220e-01	1.986894e-01	2.873320e+02	7.014769e+03	1.500070e+01	1.900654e+01	1.488077e+03	9.986500e-01	1.769470e-06	7.467395e-09	6.316406e-05	
1  9.75782e+07	2.444886e+00	8.624170e+00	2.059979e+00	2.155977e+00	9.899414e-01	-6.683988e-10	2.100001e+01	1.530001e+00	1.490000e+06	8.297938e-01	1.974181e-01	2.878085e+02	7.004674e+03	1.499977e+01	1.906802e+01	1.485631e+03	9.984564e-01	1.769335e-06	7.467395e-09	6.316406e-05	
2  9.75706e+07	2.444886e+00	8.624170e+00	2.059979e+00	2.155977e+00	9.899414e-01	-5.035805e-10	2.099997e+01	1.530007e+00	1.490000e+06	8.310753e-01	1.978918e-01	2.878956e+02	7.007440e+03	1.499969e+01	1.907171e+01	1.484174e+03	9.983426e-01	1.769344e-06	7.467395e-09	6.316406e-05	
1  9.75417e+07	2.444886e+00	8.624170e+00	2.059979e+00	2.155977e+00	9.899414e-01	-7.735017e-10	2.099995e+01	1.530003e+00	1.490000e+06	8.400628e-01	1.967022e-01	2.882555e+02	7.008224e+03	1.499965e+01	1.907565e+01	1.498648e+03	9.981350e-01	1.768942e-06	7.467395e-09	6.316406e-05	
1  9.75305e+07	2.444886e+00	8.624170e+00	2.059979e+00	2.155977e+00	9.899414e-01	-7.983110e-10	2.099995e+01	1.530007e+00	1.490000e+06	8.403736e-01	2.018513e-01	2.869836e+02	7.006996e+03	1.500071e+01	1.908039e+01	1.497953e+03	9.979137e-01	1.768530e-06	7.467395e-09	6.316406e-05	
1  9.75257e+07	2.444886e+00	8.624170e+00	2.059979e+00	2.155977e+00	9.899414e-01	-8.571802e-10	2.099993e+01	1.530004e+00	1.490000e+06	8.389695e-01	2.030128e-01	2.874644e+02	7.017620e+03	1.500117e+01	1.911052e+01	1.488916e+03	9.973737e-01	1.768058e-06	7.467395e-09	6.316406e-05	
2  9.75153e+07	2.444886e+00	8.624170e+00	2.059979e+00	2.155977e+00	9.899414e-01	-8.942796e-10	2.099994e+01	1.530002e+00	1.490000e+06	8.409626e-01	2.003552e-01	2.876966e+02	7.025645e+03	1.500143e+01	1.914792e+01	1.493966e+03	9.976313e-01	1.767880e-06	7.467395e-09	6.316406e-05	
2  9.75079e+07	2.444886e+00	8.624170e+00	2.059979e+00	2.155977e+00	9.899414e-01	-5.574103e-10	2.099993e+01	1.530006e+00	1.489999e+06	8.426286e-01	1.999994e-01	2.884454e+02	7.030759e+03	1.500133e+01	1.915963e+01	1.491257e+03	9.978926e-01	1.767583e-06	7.467395e-09	6.316406e-05	
1  9.74932e+07	2.444886e+00	8.624170e+00	2.059979e+00	2.155977e+00	9.899414e-01	-2.349342e-10	2.099996e+01	1.530008e+00	1.489999e+06	8.450038e-01	1.945695e-01	2.878271e+02	7.039814e+03	1.500028e+01	1.911831e+01	1.494557e+03	9.980071e-01	1.767740e-06	7.467395e-09	6.316406e-05	
1  9.74721e+07	2.444886e+00	8.624170e+00	2.059979e+00	2.155977e+00	9.899414e-01	-5.495888e-10	2.099999e+01	1.530013e+00	1.489999e+06	8.458755e-01	1.857267e-01	2.880481e+02	7.036657e+03	1.500036e+01	1.912104e+01	1.495537e+03	9.981052e-01	1.767553e-06	7.467395e-09	6.316406e-05	
3  9.74681e+07	2.444886e+00	8.624170e+00	2.059979e+00	2.155977e+00	9.899414e-01	-7.752673e-10	2.099997e+01	1.530012e+00	1.489999e+06	8.468435e-01	1.925310e-01	2.881178e+02	7.037794e+03	1.500026e+01	1.914091e+01	1.504429e+03	9.981437e-01	1.767278e-06	7.467395e-09	6.316406e-05	
3  9.74679e+07	2.444886e+00	8.624170e+00	2.059979e+00	2.155977e+00	9.899414e-01	-6.385717e-10	2.099996e+01	1.530011e+00	1.489998e+06	8.485395e-01	1.909190e-01	2.884434e+02	7.029634e+03	1.500073e+01	1.910273e+01	1.506144e+03	9.977965e-01	1.767390e-06	7.467395e-09	6.316406e-05	
3  9.74566e+07	2.444886e+00	8.624170e+00	2.059979e+00	2.155977e+00	9.899414e-01	-5.829479e-10	2.099999e+01	1.530019e+00	1.489999e+06	8.468397e-01	1.875900e-01	2.884338e+02	7.028442e+03	1.500073e+01	1.909654e+01	1.504537e+03	9.975828e-01	1.767076e-06	7.467395e-09	6.316406e-05	
1  9.74425e+07	2.444886e+00	8.624170e+00	2.059979e+00	2.155977e+00	9.899414e-01	-7.291822e-10	2.099996e+01	1.530021e+00	1.489999e+06	8.505521e-01	1.832701e-01	2.879541e+02	7.031601e+03	1.500119e+01	1.911055e+01	1.501920e+03	9.973652e-01	1.767297e-06	7.467395e-09	6.316406e-05	
1  9.74243e+07	2.444886e+00	8.624170e+00	2.059979e+00	2.155977e+00	9.899414e-01	-9.745578e-10	2.099998e+01	1.530021e+00	1.489999e+06	8.559611e-01	1.864873e-01	2.883961e+02	7.033490e+03	1.500091e+01	1.914255e+01	1.501492e+03	9.973419e-01	1.767147e-06	7.467395e-09	6.316406e-05	
2  9.74141e+07	2.444886e+00	8.624170e+00	2.059979e+00	2.155977e+00	9.899414e-01	-9.775966e-10	2.100000e+01	1.530023e+00	1.489999e+06	8.572626e-01	1.867978e-01	2.892944e+02	7.037978e+03	1.500132e+01	1.920325e+01	1.505734e+03	9.975876e-01	1.766781e-06	7.467395e-09	6.316406e-05	
1  9.74032e+07	2.444886e+00	8.624170e+00	2.059979e+00	2.155977e+00	9.899414e-01	-1.208214e-09	2.100002e+01	1.530024e+00	1.489998e+06	8.562710e-01	1.882607e-01	2.878918e+02	7.032827e+03	1.500141e+01	1.923237e+01	1.504719e+03	9.973588e-01	1.766563e-06	7.467395e-09	6.316406e-05	
1  9.7394e+07	2.444886e+00	8.624170e+00	2.059979e+00	2.155977e+00	9.899414e-01	-1.367305e-09	2.100006e+01	1.530032e+00	1.489999e+06	8.523547e-01	1.812847e-01	2.871042e+02	7.021100e+03	1.500194e+01	1.928795e+01	1.507722e+03	9.975874e-01	1.766441e-06	7.467395e-09	6.316406e-05	
1  9.73636e+07	2.444886e+00	8.624170e+00	2.059979e+00	2.155977e+00	9.899414e-01	-1.704790e-09	2.100006e+01	1.530033e+00	1.489998e+06	8.593397e-01	1.763805e-01	2.868674e+02	7.024200e+03	1.500155e+01	1.927867e+01	1.511136e+03	9.972594e-01	1.766507e-06	7.467395e-09	6.316406e-05	
2  9.7353e+07	2.444886e+00	8.624170e+00	2.059979e+00	2.155977e+00	9.899414e-01	-2.070457e-09	2.100011e+01	1.530028e+00	1.489998e+06	8.634984e-01	1.767642e-01	2.862170e+02	7.021269e+03	1.500160e+01	1.927297e+01	1.510336e+03	9.977469e-01	1.766343e-06	7.467395e-09	6.316406e-05	
5  9.73465e+07	2.444886e+00	8.624170e+00	2.059979e+00	2.155977e+00	9.899414e-01	-2.245626e-09	2.100016e+01	1.530034e+00	1.489998e+06	8.610062e-01	1.746297e-01	2.860329e+02	7.022180e+03	1.500167e+01	1.934090e+01	1.509149e+03	9.980695e-01	1.766603e-06	7.467395e-09	6.316406e-05	
1  9.73294e+07	2.444886e+00	8.624170e+00	2.059979e+00	2.155977e+00	9.899414e-01	-2.588055e-09	2.100016e+01	1.530032e+00	1.489997e+06	8.660917e-01	1.714926e-01	2.859709e+02	7.023506e+03	1.500140e+01	1.937843e+01	1.503240e+03	9.982720e-01	1.766654e-06	7.467395e-09	6.316406e-05	
1  9.73201e+07	2.444886e+00	8.624170e+00	2.059979e+00	2.155977e+00	9.899414e-01	-2.670564e-09	2.100017e+01	1.530039e+00	1.489997e+06	8.674703e-01	1.738285e-01	2.868431e+02	7.024422e+03	1.500046e+01	1.940479e+01	1.497368e+03	9.987493e-01	1.766572e-06	7.467395e-09	6.316406e-05	
1  9.7317e+07	2.444886e+00	8.624170e+00	2.059979e+00	2.155977e+00	9.899414e-01	-2.836343e-09	2.100017e+01	1.530033e+00	1.489997e+06	8.712207e-01	1.799246e-01	2.857890e+02	7.029883e+03	1.500072e+01	1.942960e+01	1.494093e+03	9.988802e-01	1.766470e-06	7.467395e-09	6.316406e-05	
1  9.73033e+07	2.444886e+00	8.624170e+00	2.059979e+00	2.155977e+00	9.899414e-01	-3.283990e-09	2.100015e+01	1.530029e+00	1.489998e+06	8.753981e-01	1.750893e-01	2.855125e+02	7.030589e+03	1.500025e+01	1.937253e+01	1.490390e+03	9.992136e-01	1.766087e-06	7.467395e-09	6.316406e-05	
3  9.72996e+07	2.444886e+00	8.624170e+00	2.059979e+00	2.155977e+00	9.899414e-01	-3.661131e-09	2.100017e+01	1.530032e+00	1.489998e+06	8.706809e-01	1.779566e-01	2.852905e+02	7.034300e+03	1.500020e+01	1.939968e+01	1.492746e+03	9.990732e-01	1.765814e-06	7.467395e-09	6.316406e-05	
1  9.72993e+07	2.444886e+00	8.624170e+00	2.059979e+00	2.155977e+00	9.899414e-01	-4.311737e-09	2.100014e+01	1.530030e+00	1.489997e+06	8.663136e-01	1.746719e-01	2.850308e+02	7.025802e+03	1.499913e+01	1.939325e+01	1.488795e+03	9.990586e-01	1.765557e-06	7.467395e-09	6.316406e-05	
1  9.72833e+07	2.444886e+00	8.624170e+00	2.059979e+00	2.155977e+00	9.899414e-01	-4.278617e-09	2.100018e+01	1.530034e+00	1.489997e+06	8.679035e-01	1.733100e-01	2.856737e+02	7.033528e+03	1.499979e+01	1.942825e+01	1.489173e+03	9.988081e-01	1.765357e-06	7.467395e-09	6.316406e-05	
1  9.72731e+07	2.444886e+00	8.624170e+00	2.059979e+00	2.155977e+00	9.899414e-01	-3.898781e-09	2.100024e+01	1.530031e+00	1.489997e+06	8.701864e-01	1.670805e-01	2.849382e+02	7.042480e+03	1.500081e+01	1.944276e+01	1.492705e+03	9.987086e-01	1.765301e-06	7.467395e-09	6.316406e-05	
3  9.72581e+07	2.444886e+00	8.624170e+00	2.059979e+00	2.155977e+00	9.899414e-01	-4.049020e-09	2.100028e+01	1.530031e+00	1.489997e+06	8.776515e-01	1.690306e-01	2.859652e+02	7.035070e+03	1.500087e+01	1.945025e+01	1.491675e+03	9.980494e-01	1.765507e-06	7.467395e-09	6.316406e-05	
1  9.72543e+07	2.444886e+00	8.624170e+00	2.059979e+00	2.155977e+00	9.899414e-01	-4.224481e-09	2.100030e+01	1.530035e+00	1.489997e+06	8.789608e-01	1.692284e-01	2.866636e+02	7.025796e+03	1.500096e+01	1.948896e+01	1.486115e+03	9.973451e-01	1.765992e-06	7.467395e-09	6.316406e-05	
1  9.72492e+07	2.444886e+00	8.624170e+00	2.059979e+00	2.155977e+00	9.899414e-01	-4.232391e-09	2.100035e+01	1.530034e+00	1.489996e+06	8.806491e-01	1.676559e-01	2.863598e+02	7.025967e+03	1.500093e+01	1.946197e+01	1.484343e+03	9.968378e-01	1.766225e-06	7.467395e-09	6.316406e-05	
1  9.72481e+07	2.444886e+00	8.624170e+00	2.059979e+00	2.155977e+00	9.899414e-01	-4.041642e-09	2.100029e+01	1.530036e+00	1.489997e+06	8.861559e-01	1.707692e-01	2.865718e+02	7.027808e+03	1.500122e+01	1.953434e+01	1.485573e+03	9.970866e-01	1.766789e-06	7.467395e-09	6.316406e-05	
5  9.72331e+07	2.444886e+00	8.624170e+00	2.059979e+00	2.155977e+00	9.899414e-01	-4.695024e-09	2.100030e+01	1.530035e+00	1.489996e+06	8.899712e-01	1.688048e-01	2.872193e+02	7.030113e+03	1.499985e+01	1.950824e+01	1.480207e+03	9.970279e-01	1.766965e-06	7.467395e-09	6.316406e-05	
1  9.72119e+07	2.444886e+00	8.624170e+00	2.059979e+00	2.155977e+00	9.899414e-01	-5.180326e-09	2.100027e+01	1.530040e+00	1.489997e+06	8.945735e-01	1.725404e-01	2.878650e+02	7.031460e+03	1.500008e+01	1.948969e+01	1.476199e+03	9.974116e-01	1.766464e-06	7.467395e-09	6.316406e-05	
2  9.72051e+07	2.444886e+00	8.624170e+00	2.059979e+00	2.155977e+00	9.899414e-01	-5.174181e-09	2.100032e+01	1.530037e+00	1.489997e+06	9.009959e-01	1.728450e-01	2.885775e+02	7.025883e+03	1.500027e+01	1.943330e+01	1.478067e+03	9.971612e-01	1.766486e-06	7.467395e-09	6.316406e-05	
1  9.71969e+07	2.444886e+00	8.624170e+00	2.059979e+00	2.155977e+00	9.899414e-01	-5.052356e-09	2.100031e+01	1.530037e+00	1.489997e+06	9.015484e-01	1.720802e-01	2.874519e+02	7.025451e+03	1.500064e+01	1.947490e+01	1.478102e+03	9.976511e-01	1.765852e-06	7.467395e-09	6.316406e-05	
2  9.71912e+07	2.444886e+00	8.624170e+00	2.059979e+00	2.155977e+00	9.899414e-01	-4.829373e-09	2.100037e+01	1.530037e+00	1.489997e+06	9.072686e-01	1.717516e-01	2.870001e+02	7.024131e+03	1.500158e+01	1.948466e+01	1.478908e+03	9.978810e-01	1.766145e-06	7.467395e-09	6.316406e-05	
3  9.71791e+07	2.444886e+00	8.624170e+00	2.059979e+00	2.155977e+00	9.899414e-01	-5.326479e-09	2.100032e+01	1.530036e+00	1.489997e+06	9.126005e-01	1.727663e-01	2.873263e+02	7.023452e+03	1.500067e+01	1.945095e+01	1.478404e+03	9.979970e-01	1.766235e-06	7.467395e-09	6.316406e-05	
2  9.71648e+07	2.444886e+00	8.624170e+00	2.059979e+00	2.155977e+00	9.899414e-01	-4.869078e-09	2.100036e+01	1.530039e+00	1.489997e+06	9.183197e-01	1.687208e-01	2.867905e+02	7.025453e+03	1.499970e+01	1.949149e+01	1.475021e+03	9.980750e-01	1.766441e-06	7.467395e-09	6.316406e-05	
2  9.71532e+07	2.444886e+00	8.624170e+00	2.059979e+00	2.155977e+00	9.899414e-01	-4.854839e-09	2.100037e+01	1.530037e+00	1.489998e+06	9.228107e-01	1.707261e-01	2.870084e+02	7.027976e+03	1.500015e+01	1.947302e+01	1.478381e+03	9.979564e-01	1.766042e-06	7.467395e-09	6.316406e-05	
1  9.7148e+07	2.444886e+00	8.624170e+00	2.059979e+00	2.155977e+00	9.899414e-01	-4.789819e-09	2.100043e+01	1.530034e+00	1.489997e+06	9.256542e-01	1.656706e-01	2.865260e+02	7.027926e+03	1.500040e+01	1.945013e+01	1.477757e+03	9.981347e-01	1.766212e-06	7.467395e-09	6.316406e-05	
1  9.71388e+07	2.444886e+00	8.624170e+00	2.059979e+00	2.155977e+00	9.899414e-01	-5.478774e-09	2.100044e+01	1.530035e+00	1.489997e+06	9.254174e-01	1.668600e-01	2.865423e+02	7.029393e+03	1.500027e+01	1.949173e+01	1.481214e+03	9.985372e-01	1.766287e-06	7.467395e-09	6.316406e-05	
5  9.71197e+07	2.444886e+00	8.624170e+00	2.059979e+00	2.155977e+00	9.899414e-01	-5.087771e-09	2.100040e+01	1.530037e+00	1.489997e+06	9.357511e-01	1.685502e-01	2.859195e+02	7.022913e+03	1.500039e+01	1.946207e+01	1.481611e+03	9.985394e-01	1.766196e-06	7.467395e-09	6.316406e-05	
4  9.71155e+07	2.444886e+00	8.624170e+00	2.059979e+00	2.155977e+00	9.899414e-01	-5.236145e-09	2.100042e+01	1.530044e+00	1.489997e+06	9.351979e-01	1.745311e-01	2.853519e+02	7.018012e+03	1.499976e+01	1.945379e+01	1.482088e+03	9.984837e-01	1.766313e-06	7.467395e-09	6.316406e-05	
1  9.71133e+07	2.444886e+00	8.624170e+00	2.059979e+00	2.155977e+00	9.899414e-01	-5.738621e-09	2.100040e+01	1.530043e+00	1.489996e+06	9.349545e-01	1.749652e-01	2.855008e+02	7.012207e+03	1.499918e+01	1.941496e+01	1.489029e+03	9.984836e-01	1.766359e-06	7.467395e-09	6.316406e-05	
1  9.71035e+07	2.444886e+00	8.624170e+00	2.059979e+00	2.155977e+00	9.899414e-01	-6.246995e-09	2.100038e+01	1.530042e+00	1.489996e+06	9.387022e-01	1.763588e-01	2.867639e+02	7.004237e+03	1.499846e+01	1.943273e+01	1.482517e+03	9.984212e-01	1.766325e-06	7.467395e-09	6.316406e-05	
