5  6.79918e+09	-3.744832e+00	1.863842e+00	1.283786e-01	2.198675e+00	9.973859e-01	0.000000e+00	2.100000e+01	1.530000e+00	1.490000e+06	8.200000e-01	2.000000e-01	2.880000e+02	7.000000e+03	1.500000e+01	1.900000e+01	1.485330e+03	1.000000e+00	1.770000e-06	1.081164e-05	4.740803e-04	
1  6.79909e+09	-3.744832e+00	1.863842e+00	1.283786e-01	2.198675e+00	9.973859e-01	1.711046e-10	2.100001e+01	1.529999e+00	1.490000e+06	8.228320e-01	2.014536e-01	2.877815e+02	6.993608e+03	1.500094e+01	1.900349e+01	1.493559e+03	1.000007e+00	1.769390e-06	1.081164e-05	4.740803e-04	
3  6.79903e+09	-3.744832e+00	1.863842e+00	1.283786e-01	2.198675e+00	9.973859e-01	-1.754917e-10	2.100001e+01	1.529996e+00	1.490000e+06	8.208453e-01	1.987615e-01	2.875401e+02	6.997907e+03	1.499866e+01	1.900078e+01	1.499968e+03	1.000314e+00	1.768970e-06	1.081164e-05	4.740803e-04	
1  6.79896e+09	-3.744832e+00	1.863842e+00	1.283786e-01	2.198675e+00	9.973859e-01	-1.835010e-10	2.100003e+01	1.529993e+00	1.490000e+06	8.246942e-01	1.952619e-01	2.876161e+02	6.995604e+03	1.499926e+01	1.898664e+01	1.509277e+03	1.000281e+00	1.768845e-06	1.081164e-05	4.740803e-04	
1  6.79868e+09	-3.744832e+00	1.863842e+00	1.283786e-01	2.198675e+00	9.973859e-01	-7.558428e-10	2.100002e+01	1.529994e+00	1.490000e+06	8.268825e-01	1.900413e-01	2.872805e+02	7.002655e+03	1.499839e+01	1.900924e+01	1.509670e+03	1.000305e+00	1.768255e-06	1.081164e-05	4.740803e-04	
1  6.79853e+09	-3.744832e+00	1.863842e+00	1.283786e-01	2.198675e+00	9.973859e-01	-9.136246e-10	2.100003e+01	1.529998e+00	1.490000e+06	8.251777e-01	1.847386e-01	2.869644e+02	6.992921e+03	1.499935e+01	1.896370e+01	1.508938e+03	1.000147e+00	1.767295e-06	1.081164e-05	4.740803e-04	
3  6.79833e+09	-3.744832e+00	1.863842e+00	1.283786e-01	2.198675e+00	9.973859e-01	-1.180498e-09	2.100005e+01	1.530000e+00	1.490000e+06	8.334628e-01	1.773818e-01	2.878549e+02	6.974544e+03	1.499998e+01	1.901241e+01	1.505221e+03	1.000207e+00	1.767306e-06	1.081164e-05	4.740803e-04	
1  6.79809e+09	-3.744832e+00	1.863842e+00	1.283786e-01	2.198675e+00	9.973859e-01	-1.823191e-09	2.100007e+01	1.530006e+00	1.489999e+06	8.344703e-01	1.792234e-01	2.884699e+02	6.988303e+03	1.499858e+01	1.899339e+01	1.505370e+03	9.994762e-01	1.766962e-06	1.081164e-05	4.740803e-04	
1  6.79799e+09	-3.744832e+00	1.863842e+00	1.283786e-01	2.198675e+00	9.973859e-01	-1.538325e-09	2.100007e+01	1.530005e+00	1.489999e+06	8.357714e-01	1.795784e-01	2.882889e+02	6.988762e+03	1.499951e+01	1.900798e+01	1.504814e+03	9.992739e-01	1.766198e-06	1.081164e-05	4.740803e-04	
2  6.79789e+09	-3.744832e+00	1.863842e+00	1.283786e-01	2.198675e+00	9.973859e-01	-1.933445e-09	2.100015e+01	1.530006e+00	1.490000e+06	8.400344e-01	1.803917e-01	2.884399e+02	6.983368e+03	1.500023e+01	1.897224e+01	1.507343e+03	9.992942e-01	1.766309e-06	1.081164e-05	4.740803e-04	
1  6.79786e+09	-3.744832e+00	1.863842e+00	1.283786e-01	2.198675e+00	9.973859e-01	-2.189916e-09	2.100014e+01	1.530010e+00	1.489999e+06	8.434733e-01	1.848096e-01	2.891964e+02	6.972824e+03	1.500077e+01	1.898936e+01	1.505654e+03	9.994074e-01	1.766505e-06	1.081164e-05	4.740803e-04	
3  6.79779e+09	-3.744832e+00	1.863842e+00	1.283786e-01	2.198675e+00	9.973859e-01	-2.380323e-09	2.100013e+01	1.530007e+00	1.490000e+06	8.478377e-01	1.801210e-01	2.886452e+02	6.976465e+03	1.500071e+01	1.893502e+01	1.504010e+03	9.993450e-01	1.766795e-06	1.081164e-05	4.740803e-04	
4  6.79761e+09	-3.744832e+00	1.863842e+00	1.283786e-01	2.198675e+00	9.973859e-01	-2.732268e-09	2.100017e+01	1.530010e+00	1.490000e+06	8.501257e-01	1.737828e-01	2.890885e+02	6.975349e+03	1.500077e+01	1.894267e+01	1.507178e+03	9.999141e-01	1.766382e-06	1.081164e-05	4.740803e-04	
3  6.79758e+09	-3.744832e+00	1.863842e+00	1.283786e-01	2.198675e+00	9.973859e-01	-3.108418e-09	2.100026e+01	1.530012e+00	1.490000e+06	8.517020e-01	1.750587e-01	2.891433e+02	6.965102e+03	1.500074e+01	1.898164e+01	1.509629e+03	1.000363e+00	1.766693e-06	1.081164e-05	4.740803e-04	
1  6.79757e+09	-3.744832e+00	1.863842e+00	1.283786e-01	2.198675e+00	9.973859e-01	-2.854257e-09	2.100029e+01	1.530014e+00	1.490000e+06	8.492088e-01	1.734779e-01	2.882951e+02	6.957621e+03	1.500035e+01	1.898976e+01	1.508338e+03	1.000330e+00	1.766318e-06	1.081164e-05	4.740803e-04	
1  6.79752e+09	-3.744832e+00	1.863842e+00	1.283786e-01	2.198675e+00	9.973859e-01	-3.046448e-09	2.100032e+01	1.530014e+00	1.490000e+06	8.514417e-01	1.684386e-01	2.886399e+02	6.954816e+03	1.500026e+01	1.897870e+01	1.508636e+03	1.000015e+00	1.766718e-06	1.081164e-05	4.740803e-04	
8  6.79746e+09	-3.744832e+00	1.863842e+00	1.283786e-01	2.198675e+00	9.973859e-01	-2.640812e-09	2.100033e+01	1.530017e+00	1.490000e+06	8.495681e-01	1.670425e-01	2.889808e+02	6.957016e+03	1.499934e+01	1.897970e+01	1.507212e+03	9.992009e-01	1.766140e-06	1.081164e-05	4.740803e-04	
3  6.79743e+09	-3.744832e+00	1.863842e+00	1.283786e-01	2.198675e+00	9.973859e-01	-2.716871e-09	2.100038e+01	1.530016e+00	1.490000e+06	8.508775e-01	1.639417e-01	2.884079e+02	6.951750e+03	1.499988e+01	1.898943e+01	1.507049e+03	9.991470e-01	1.766490e-06	1.081164e-05	4.740803e-04	
3  6.79739e+09	-3.744832e+00	1.863842e+00	1.283786e-01	2.198675e+00	9.973859e-01	-2.880964e-09	2.100039e+01	1.530016e+00	1.489999e+06	8.488303e-01	1.619684e-01	2.887516e+02	6.947886e+03	1.499982e+01	1.900890e+01	1.507424e+03	9.995069e-01	1.765974e-06	1.081164e-05	4.740803e-04	
2  6.79736e+09	-3.744832e+00	1.863842e+00	1.283786e-01	2.198675e+00	9.973859e-01	-2.522877e-09	2.100033e+01	1.530017e+00	1.489999e+06	8.488733e-01	1.592055e-01	2.882116e+02	6.951986e+03	1.499915e+01	1.904398e+01	1.508579e+03	9.995035e-01	1.766032e-06	1.081164e-05	4.740803e-04	
3  6.79724e+09	-3.744832e+00	1.863842e+00	1.283786e-01	2.198675e+00	9.973859e-01	-2.865963e-09	2.100030e+01	1.530017e+00	1.489999e+06	8.537703e-01	1.588065e-01	2.883284e+02	6.969687e+03	1.499812e+01	1.904255e+01	1.503280e+03	9.994765e-01	1.766504e-06	1.081164e-05	4.740803e-04	
1  6.79719e+09	-3.744832e+00	1.863842e+00	1.283786e-01	2.198675e+00	9.973859e-01	-3.166002e-09	2.100028e+01	1.530018e+00	1.489999e+06	8.555292e-01	1.616448e-01	2.874147e+02	6.983818e+03	1.499708e+01	1.905975e+01	1.504055e+03	9.990723e-01	1.766992e-06	1.081164e-05	4.740803e-04	
1  6.79712e+09	-3.744832e+00	1.863842e+00	1.283786e-01	2.198675e+00	9.973859e-01	-2.911526e-09	2.100028e+01	1.530018e+00	1.489999e+06	8.573251e-01	1.569005e-01	2.870667e+02	6.981471e+03	1.499758e+01	1.901159e+01	1.502647e+03	9.990538e-01	1.766654e-06	1.081164e-05	4.740803e-04	
3  6.79699e+09	-3.744832e+00	1.863842e+00	1.283786e-01	2.198675e+00	9.973859e-01	-3.028974e-09	2.100027e+01	1.530020e+00	1.489999e+06	8.580291e-01	1.548155e-01	2.860740e+02	6.980096e+03	1.499751e+01	1.903184e+01	1.500251e+03	9.988465e-01	1.766297e-06	1.081164e-05	4.740803e-04	
1  6.79685e+09	-3.744832e+00	1.863842e+00	1.283786e-01	2.198675e+00	9.973859e-01	-3.425028e-09	2.100032e+01	1.530023e+00	1.489999e+06	8.627834e-01	1.586620e-01	2.862698e+02	6.980044e+03	1.499755e+01	1.901359e+01	1.501635e+03	9.992592e-01	1.766318e-06	1.081164e-05	4.740803e-04	
2  6.79679e+09	-3.744832e+00	1.863842e+00	1.283786e-01	2.198675e+00	9.973859e-01	-3.774442e-09	2.100039e+01	1.530025e+00	1.489999e+06	8.629007e-01	1.560660e-01	2.867136e+02	6.977627e+03	1.499845e+01	1.906055e+01	1.504089e+03	9.986137e-01	1.766569e-06	1.081164e-05	4.740803e-04	
2  6.79678e+09	-3.744832e+00	1.863842e+00	1.283786e-01	2.198675e+00	9.973859e-01	-4.327449e-09	2.100039e+01	1.530018e+00	1.489999e+06	8.619089e-01	1.605601e-01	2.869815e+02	6.986984e+03	1.499848e+01	1.905079e+01	1.503273e+03	9.984834e-01	1.766255e-06	1.081164e-05	4.740803e-04	
1  6.79666e+09	-3.744832e+00	1.863842e+00	1.283786e-01	2.198675e+00	9.973859e-01	-4.447630e-09	2.100041e+01	1.530025e+00	1.489998e+06	8.612527e-01	1.640587e-01	2.872258e+02	6.988198e+03	1.499884e+01	1.899109e+01	1.504761e+03	9.985621e-01	1.765796e-06	1.081164e-05	4.740803e-04	
1  6.79656e+09	-3.744832e+00	1.863842e+00	1.283786e-01	2.198675e+00	9.973859e-01	-4.256366e-09	2.100045e+01	1.530020e+00	1.489998e+06	8.651917e-01	1.521074e-01	2.870044e+02	6.992891e+03	1.499875e+01	1.898966e+01	1.503424e+03	9.990494e-01	1.765648e-06	1.081164e-05	4.740803e-04	
1  6.79642e+09	-3.744832e+00	1.863842e+00	1.283786e-01	2.198675e+00	9.973859e-01	-5.101768e-09	2.100046e+01	1.530026e+00	1.489999e+06	8.651546e-01	1.526580e-01	2.868217e+02	6.989669e+03	1.499884e+01	1.902771e+01	1.501289e+03	9.985592e-01	1.765698e-06	1.081164e-05	4.740803e-04	
1  6.79636e+09	-3.744832e+00	1.863842e+00	1.283786e-01	2.198675e+00	9.973859e-01	-5.456656e-09	2.100038e+01	1.530036e+00	1.489999e+06	8.655664e-01	1.538696e-01	2.866564e+02	6.995922e+03	1.499993e+01	1.899433e+01	1.496755e+03	9.982781e-01	1.766170e-06	1.081164e-05	4.740803e-04	
1  6.79632e+09	-3.744832e+00	1.863842e+00	1.283786e-01	2.198675e+00	9.973859e-01	-5.542426e-09	2.100034e+01	1.530034e+00	1.489999e+06	8.684596e-01	1.575462e-01	2.858333e+02	6.997310e+03	1.500040e+01	1.898005e+01	1.496274e+03	9.975736e-01	1.766183e-06	1.081164e-05	4.740803e-04	
2  6.79632e+09	-3.744832e+00	1.863842e+00	1.283786e-01	2.198675e+00	9.973859e-01	-5.562449e-09	2.100032e+01	1.530033e+00	1.489999e+06	8.670168e-01	1.556592e-01	2.862269e+02	6.995471e+03	1.499984e+01	1.898912e+01	1.503042e+03	9.973584e-01	1.765899e-06	1.081164e-05	4.740803e-04	
2  6.79624e+09	-3.744832e+00	1.863842e+00	1.283786e-01	2.198675e+00	9.973859e-01	-5.980562e-09	2.100031e+01	1.530032e+00	1.489999e+06	8.700230e-01	1.579123e-01	2.867465e+02	7.003378e+03	1.500112e+01	1.895933e+01	1.502078e+03	9.971923e-01	1.765882e-06	1.081164e-05	4.740803e-04	
2  6.79606e+09	-3.744832e+00	1.863842e+00	1.283786e-01	2.198675e+00	9.973859e-01	-5.659797e-09	2.100028e+01	1.530044e+00	1.489999e+06	8.709018e-01	1.546450e-01	2.868101e+02	7.002477e+03	1.500076e+01	1.895747e+01	1.504188e+03	9.967639e-01	1.765769e-06	1.081164e-05	4.740803e-04	
2  6.79596e+09	-3.744832e+00	1.863842e+00	1.283786e-01	2.198675e+00	9.973859e-01	-5.241854e-09	2.100026e+01	1.530043e+00	1.489998e+06	8.795471e-01	1.607353e-01	2.865517e+02	7.000626e+03	1.500137e+01	1.895720e+01	1.507915e+03	9.970722e-01	1.765661e-06	1.081164e-05	4.740803e-04	
2  6.79588e+09	-3.744832e+00	1.863842e+00	1.283786e-01	2.198675e+00	9.973859e-01	-5.201966e-09	2.100027e+01	1.530039e+00	1.489998e+06	8.816966e-01	1.610780e-01	2.864083e+02	7.002182e+03	1.500270e+01	1.892506e+01	1.510622e+03	9.969746e-01	1.764897e-06	1.081164e-05	4.740803e-04	
1  6.7957e+09	-3.744832e+00	1.863842e+00	1.283786e-01	2.198675e+00	9.973859e-01	-5.136619e-09	2.100024e+01	1.530045e+00	1.489999e+06	8.867169e-01	1.527423e-01	2.868775e+02	7.000385e+03	1.500223e+01	1.892233e+01	1.513213e+03	9.965103e-01	1.764908e-06	1.081164e-05	4.740803e-04	
1  6.79553e+09	-3.744832e+00	1.863842e+00	1.283786e-01	2.198675e+00	9.973859e-01	-5.505708e-09	2.100022e+01	1.530051e+00	1.489998e+06	8.873586e-01	1.493021e-01	2.872769e+02	7.002221e+03	1.500243e+01	1.891134e+01	1.522770e+03	9.964358e-01	1.764709e-06	1.081164e-05	4.740803e-04	
1  6.79545e+09	-3.744832e+00	1.863842e+00	1.283786e-01	2.198675e+00	9.973859e-01	-5.883477e-09	2.100022e+01	1.530046e+00	1.489998e+06	8.933224e-01	1.515230e-01	2.878945e+02	7.000490e+03	1.500280e+01	1.892990e+01	1.525059e+03	9.968469e-01	1.764321e-06	1.081164e-05	4.740803e-04	
3  6.79537e+09	-3.744832e+00	1.863842e+00	1.283786e-01	2.198675e+00	9.973859e-01	-6.048598e-09	2.100020e+01	1.530046e+00	1.489999e+06	8.944725e-01	1.517942e-01	2.880376e+02	7.008280e+03	1.500395e+01	1.889670e+01	1.525719e+03	9.965581e-01	1.764002e-06	1.081164e-05	4.740803e-04	
2  6.79515e+09	-3.744832e+00	1.863842e+00	1.283786e-01	2.198675e+00	9.973859e-01	-6.432325e-09	2.100024e+01	1.530051e+00	1.489999e+06	8.981004e-01	1.508343e-01	2.878429e+02	7.007139e+03	1.500314e+01	1.891335e+01	1.530915e+03	9.967727e-01	1.763580e-06	1.081164e-05	4.740803e-04	
1  6.79512e+09	-3.744832e+00	1.863842e+00	1.283786e-01	2.198675e+00	9.973859e-01	-5.907473e-09	2.100026e+01	1.530053e+00	1.489999e+06	9.004310e-01	1.426252e-01	2.870919e+02	6.996165e+03	1.500244e+01	1.886942e+01	1.521971e+03	9.965684e-01	1.763708e-06	1.081164e-05	4.740803e-04	
1  6.79509e+09	-3.744832e+00	1.863842e+00	1.283786e-01	2.198675e+00	9.973859e-01	-5.257149e-09	2.100026e+01	1.530052e+00	1.489999e+06	9.014908e-01	1.433692e-01	2.871605e+02	7.000575e+03	1.500036e+01	1.890595e+01	1.520832e+03	9.965959e-01	1.763349e-06	1.081164e-05	4.740803e-04	
1  6.795e+09	-3.744832e+00	1.863842e+00	1.283786e-01	2.198675e+00	9.973859e-01	-5.045867e-09	2.100029e+01	1.530057e+00	1.489999e+06	9.018553e-01	1.394048e-01	2.864350e+02	6.994336e+03	1.499967e+01	1.884275e+01	1.516430e+03	9.969787e-01	1.763188e-06	1.081164e-05	4.740803e-04	
1  6.79499e+09	-3.744832e+00	1.863842e+00	1.283786e-01	2.198675e+00	9.973859e-01	-4.885903e-09	2.100030e+01	1.530062e+00	1.489998e+06	9.011519e-01	1.421635e-01	2.867687e+02	6.992050e+03	1.499971e+01	1.881000e+01	1.520128e+03	9.966605e-01	1.763142e-06	1.081164e-05	4.740803e-04	
3  6.79488e+09	-3.744832e+00	1.863842e+00	1.283786e-01	2.198675e+00	9.973859e-01	-4.931567e-09	2.100029e+01	1.530064e+00	1.489999e+06	9.050280e-01	1.407722e-01	2.871995e+02	6.997787e+03	1.499878e+01	1.880747e+01	1.520964e+03	9.973950e-01	1.762889e-06	1.081164e-05	4.740803e-04	
5  6.7948e+09	-3.744832e+00	1.863842e+00	1.283786e-01	2.198675e+00	9.973859e-01	-4.961370e-09	2.100032e+01	1.530067e+00	1.489998e+06	9.077429e-01	1.390858e-01	2.864659e+02	6.996110e+03	1.499840e+01	1.882769e+01	1.518750e+03	9.971070e-01	1.763355e-06	1.081164e-05	4.740803e-04	
2  6.79469e+09	-3.744832e+00	1.863842e+00	1.283786e-01	2.198675e+00	9.973859e-01	-5.315567e-09	2.100028e+01	1.530071e+00	1.489999e+06	9.087577e-01	1.378006e-01	2.859684e+02	6.994827e+03	1.499930e+01	1.878304e+01	1.516646e+03	9.970066e-01	1.763103e-06	1.081164e-05	4.740803e-04	
1  6.79457e+09	-3.744832e+00	1.863842e+00	1.283786e-01	2.198675e+00	9.973859e-01	-4.729576e-09	2.100028e+01	1.530070e+00	1.489999e+06	9.142546e-01	1.368558e-01	2.851409e+02	6.989083e+03	1.500006e+01	1.879441e+01	1.519330e+03	9.962570e-01	1.762643e-06	1.081164e-05	4.740803e-04	
1  6.79447e+09	-3.744832e+00	1.863842e+00	1.283786e-01	2.198675e+00	9.973859e-01	-4.495610e-09	2.100026e+01	1.530072e+00	1.489999e+06	9.191338e-01	1.339244e-01	2.856113e+02	6.994186e+03	1.500103e+01	1.884732e+01	1.519283e+03	9.960894e-01	1.762664e-06	1.081164e-05	4.740803e-04	
