2  2.31432e+22	3.264673e+00	4.756188e+00	3.237145e+00	2.217490e+00	9.987111e-01	0.000000e+00	2.100000e+01	1.530000e+00	1.490000e+06	8.200000e-01	2.000000e-01	2.880000e+02	7.000000e+03	1.500000e+01	1.900000e+01	1.485330e+03	1.000000e+00	1.770000e-06	8.369386e+00	9.331668e+02	
8  1.59344e+15	1.511336e-01	5.402129e+00	2.711435e+00	2.290041e+00	9.986695e-01	0.000000e+00	2.100000e+01	1.530000e+00	1.490000e+06	8.200000e-01	2.000000e-01	2.880000e+02	7.000000e+03	1.500000e+01	1.900000e+01	1.485330e+03	1.000000e+00	1.770000e-06	4.211662e-04	2.532238e-01	
1  1.59344e+15	1.511336e-01	5.402129e+00	2.711435e+00	2.290041e+00	9.986695e-01	2.193258e-10	2.099999e+01	1.530002e+00	1.490000e+06	8.192252e-01	1.985350e-01	2.867535e+02	7.008201e+03	1.499890e+01	1.901210e+01	1.479979e+03	1.000411e+00	1.769959e-06	4.211662e-04	2.532238e-01	
1  1.59344e+15	1.511336e-01	5.402129e+00	2.711435e+00	2.290041e+00	9.986695e-01	5.667776e-10	2.100003e+01	1.530005e+00	1.490000e+06	8.234468e-01	2.048194e-01	2.867727e+02	6.997879e+03	1.499800e+01	1.904057e+01	1.481980e+03	1.000390e+00	1.769836e-06	4.211662e-04	2.532238e-01	
3  1.59344e+15	1.511336e-01	5.402129e+00	2.711435e+00	2.290041e+00	9.986695e-01	5.586455e-10	2.100004e+01	1.530002e+00	1.490000e+06	8.203491e-01	2.058451e-01	2.866417e+02	7.012906e+03	1.499778e+01	1.906114e+01	1.480987e+03	1.000222e+00	1.769173e-06	4.211662e-04	2.532238e-01	
1  1.59344e+15	1.511336e-01	5.402129e+00	2.711435e+00	2.290041e+00	9.986695e-01	4.220384e-10	2.100001e+01	1.530005e+00	1.489999e+06	8.253074e-01	2.059885e-01	2.860890e+02	7.006626e+03	1.499578e+01	1.909469e+01	1.479931e+03	1.000848e+00	1.769432e-06	4.211662e-04	2.532238e-01	
1  1.59344e+15	1.511336e-01	5.402129e+00	2.711435e+00	2.290041e+00	9.986695e-01	6.167777e-10	2.100002e+01	1.530013e+00	1.489999e+06	8.209836e-01	2.057365e-01	2.848153e+02	7.001502e+03	1.499491e+01	1.912087e+01	1.479584e+03	1.000364e+00	1.769142e-06	4.211662e-04	2.532238e-01	
3  1.59344e+15	1.511336e-01	5.402129e+00	2.711435e+00	2.290041e+00	9.986695e-01	9.800284e-10	2.100002e+01	1.530011e+00	1.489999e+06	8.247720e-01	2.055950e-01	2.859708e+02	7.012472e+03	1.499582e+01	1.913378e+01	1.480581e+03	1.000002e+00	1.769127e-06	4.211662e-04	2.532238e-01	
1  1.59344e+15	1.511336e-01	5.402129e+00	2.711435e+00	2.290041e+00	9.986695e-01	1.164267e-09	2.100006e+01	1.530010e+00	1.489999e+06	8.271116e-01	2.064083e-01	2.859635e+02	7.011847e+03	1.499475e+01	1.912291e+01	1.479755e+03	1.000191e+00	1.768616e-06	4.211662e-04	2.532238e-01	
2  1.59344e+15	1.511336e-01	5.402129e+00	2.711435e+00	2.290041e+00	9.986695e-01	1.261259e-09	2.100005e+01	1.530013e+00	1.489999e+06	8.291402e-01	2.067578e-01	2.855120e+02	7.005120e+03	1.499498e+01	1.911394e+01	1.477727e+03	1.000351e+00	1.768296e-06	4.211662e-04	2.532238e-01	
2  1.59344e+15	1.511336e-01	5.402129e+00	2.711435e+00	2.290041e+00	9.986695e-01	1.574161e-09	2.100005e+01	1.530013e+00	1.489998e+06	8.292602e-01	2.061686e-01	2.848753e+02	6.999744e+03	1.499612e+01	1.914244e+01	1.478067e+03	1.000132e+00	1.767964e-06	4.211662e-04	2.532238e-01	
3  1.59344e+15	1.511336e-01	5.402129e+00	2.711435e+00	2.290041e+00	9.986695e-01	1.657426e-09	2.100009e+01	1.530019e+00	1.489998e+06	8.336097e-01	2.094451e-01	2.849905e+02	6.989408e+03	1.499601e+01	1.914385e+01	1.479412e+03	9.993572e-01	1.768070e-06	4.211662e-04	2.532238e-01	
1  1.59344e+15	1.511336e-01	5.402129e+00	2.711435e+00	2.290041e+00	9.986695e-01	2.270014e-09	2.100010e+01	1.530016e+00	1.489999e+06	8.386531e-01	2.054315e-01	2.836830e+02	6.988646e+03	1.499561e+01	1.910017e+01	1.473816e+03	9.992763e-01	1.767927e-06	4.211662e-04	2.532238e-01	
1  1.59344e+15	1.511336e-01	5.402129e+00	2.711435e+00	2.290041e+00	9.986695e-01	2.232269e-09	2.100011e+01	1.530016e+00	1.489999e+06	8.378766e-01	2.052897e-01	2.823096e+02	6.984305e+03	1.499638e+01	1.906219e+01	1.476621e+03	9.993801e-01	1.767864e-06	4.211662e-04	2.532238e-01	
3  1.59344e+15	1.511336e-01	5.402129e+00	2.711435e+00	2.290041e+00	9.986695e-01	1.937936e-09	2.100012e+01	1.530021e+00	1.489999e+06	8.362061e-01	2.047633e-01	2.814631e+02	6.986396e+03	1.499538e+01	1.905784e+01	1.476439e+03	9.992712e-01	1.767620e-06	4.211662e-04	2.532238e-01	
1  1.59344e+15	1.511336e-01	5.402129e+00	2.711435e+00	2.290041e+00	9.986695e-01	1.253489e-09	2.100015e+01	1.530021e+00	1.489999e+06	8.358066e-01	2.036038e-01	2.803032e+02	6.992020e+03	1.499567e+01	1.906705e+01	1.473323e+03	9.991778e-01	1.768049e-06	4.211662e-04	2.532238e-01	
1  1.59344e+15	1.511336e-01	5.402129e+00	2.711435e+00	2.290041e+00	9.986695e-01	1.289071e-09	2.100016e+01	1.530021e+00	1.489998e+06	8.366005e-01	2.053991e-01	2.813518e+02	7.005679e+03	1.499505e+01	1.911197e+01	1.474106e+03	9.988921e-01	1.767881e-06	4.211662e-04	2.532238e-01	
4  1.59344e+15	1.511336e-01	5.402129e+00	2.711435e+00	2.290041e+00	9.986695e-01	1.156672e-09	2.100016e+01	1.530022e+00	1.489998e+06	8.404907e-01	2.041264e-01	2.805062e+02	7.005532e+03	1.499578e+01	1.912745e+01	1.475444e+03	9.985614e-01	1.767496e-06	4.211662e-04	2.532238e-01	
1  1.59344e+15	1.511336e-01	5.402129e+00	2.711435e+00	2.290041e+00	9.986695e-01	8.801724e-10	2.100018e+01	1.530022e+00	1.489998e+06	8.384121e-01	2.027196e-01	2.788715e+02	7.001011e+03	1.499492e+01	1.914182e+01	1.473519e+03	9.988583e-01	1.767639e-06	4.211662e-04	2.532238e-01	
2  1.59344e+15	1.511336e-01	5.402129e+00	2.711435e+00	2.290041e+00	9.986695e-01	4.488893e-10	2.100025e+01	1.530021e+00	1.489998e+06	8.427832e-01	2.008963e-01	2.790098e+02	7.002414e+03	1.499527e+01	1.915765e+01	1.470095e+03	9.990012e-01	1.767039e-06	4.211662e-04	2.532238e-01	
4  1.59344e+15	1.511336e-01	5.402129e+00	2.711435e+00	2.290041e+00	9.986695e-01	5.249231e-10	2.100025e+01	1.530019e+00	1.489999e+06	8.442634e-01	1.985917e-01	2.785164e+02	7.001421e+03	1.499398e+01	1.918990e+01	1.469944e+03	9.987915e-01	1.766860e-06	4.211662e-04	2.532238e-01	
5  1.59344e+15	1.511336e-01	5.402129e+00	2.711435e+00	2.290041e+00	9.986695e-01	3.576201e-10	2.100022e+01	1.530020e+00	1.489998e+06	8.436431e-01	2.037596e-01	2.789287e+02	6.997496e+03	1.499378e+01	1.921195e+01	1.468537e+03	9.986945e-01	1.766647e-06	4.211662e-04	2.532238e-01	
1  1.59344e+15	1.511336e-01	5.402129e+00	2.711435e+00	2.290041e+00	9.986695e-01	3.247781e-10	2.100016e+01	1.530019e+00	1.489998e+06	8.440990e-01	2.003432e-01	2.792824e+02	7.003549e+03	1.499524e+01	1.920431e+01	1.471912e+03	9.988055e-01	1.766321e-06	4.211662e-04	2.532238e-01	
2  1.59344e+15	1.511336e-01	5.402129e+00	2.711435e+00	2.290041e+00	9.986695e-01	6.422669e-10	2.100011e+01	1.530019e+00	1.489998e+06	8.442837e-01	1.935288e-01	2.794400e+02	7.002382e+03	1.499532e+01	1.916189e+01	1.476352e+03	9.986153e-01	1.766174e-06	4.211662e-04	2.532238e-01	
3  1.59344e+15	1.511336e-01	5.402129e+00	2.711435e+00	2.290041e+00	9.986695e-01	6.480516e-10	2.100012e+01	1.530023e+00	1.489998e+06	8.441828e-01	1.915816e-01	2.790035e+02	7.002973e+03	1.499549e+01	1.921114e+01	1.474653e+03	9.991220e-01	1.765561e-06	4.211662e-04	2.532238e-01	
2  1.59344e+15	1.511336e-01	5.402129e+00	2.711435e+00	2.290041e+00	9.986695e-01	2.177676e-10	2.100012e+01	1.530021e+00	1.489998e+06	8.411722e-01	1.867656e-01	2.787774e+02	7.002058e+03	1.499588e+01	1.918633e+01	1.479268e+03	9.984036e-01	1.765523e-06	4.211662e-04	2.532238e-01	
4  1.59344e+15	1.511336e-01	5.402129e+00	2.711435e+00	2.290041e+00	9.986695e-01	9.075055e-10	2.100012e+01	1.530028e+00	1.489998e+06	8.463719e-01	1.852037e-01	2.780205e+02	6.988679e+03	1.499707e+01	1.924413e+01	1.481949e+03	9.982152e-01	1.765139e-06	4.211662e-04	2.532238e-01	
1  1.59344e+15	1.511336e-01	5.402129e+00	2.711435e+00	2.290041e+00	9.986695e-01	1.155534e-09	2.100011e+01	1.530027e+00	1.489998e+06	8.459047e-01	1.789486e-01	2.782195e+02	6.990847e+03	1.499666e+01	1.922892e+01	1.481693e+03	9.984874e-01	1.764452e-06	4.211662e-04	2.532238e-01	
5  1.59344e+15	1.511336e-01	5.402129e+00	2.711435e+00	2.290041e+00	9.986695e-01	1.074583e-09	2.100004e+01	1.530028e+00	1.489998e+06	8.526198e-01	1.727843e-01	2.782198e+02	6.986175e+03	1.499740e+01	1.918264e+01	1.481708e+03	9.981947e-01	1.764804e-06	4.211662e-04	2.532238e-01	
5  1.59344e+15	1.511336e-01	5.402129e+00	2.711435e+00	2.290041e+00	9.986695e-01	7.345710e-10	2.099999e+01	1.530027e+00	1.489998e+06	8.558931e-01	1.712309e-01	2.780403e+02	6.989897e+03	1.499801e+01	1.914357e+01	1.481852e+03	9.985301e-01	1.764967e-06	4.211662e-04	2.532238e-01	
2  1.59344e+15	1.511336e-01	5.402129e+00	2.711435e+00	2.290041e+00	9.986695e-01	5.127444e-10	2.099998e+01	1.530027e+00	1.489998e+06	8.553861e-01	1.743622e-01	2.777130e+02	6.994085e+03	1.499844e+01	1.915150e+01	1.480228e+03	9.983421e-01	1.764558e-06	4.211662e-04	2.532238e-01	
1  1.59344e+15	1.511336e-01	5.402129e+00	2.711435e+00	2.290041e+00	9.986695e-01	2.372473e-10	2.100004e+01	1.530034e+00	1.489998e+06	8.570561e-01	1.766240e-01	2.776951e+02	6.985466e+03	1.499849e+01	1.911420e+01	1.473795e+03	9.985479e-01	1.764937e-06	4.211662e-04	2.532238e-01	
1  1.59344e+15	1.511336e-01	5.402129e+00	2.711435e+00	2.290041e+00	9.986695e-01	6.427185e-10	2.100011e+01	1.530043e+00	1.489998e+06	8.611413e-01	1.759370e-01	2.778612e+02	6.973346e+03	1.499820e+01	1.913355e+01	1.474835e+03	9.987955e-01	1.764280e-06	4.211662e-04	2.532238e-01	
3  1.59344e+15	1.511336e-01	5.402129e+00	2.711435e+00	2.290041e+00	9.986695e-01	3.887812e-10	2.100010e+01	1.530046e+00	1.489998e+06	8.625325e-01	1.745325e-01	2.775372e+02	6.969938e+03	1.499779e+01	1.914877e+01	1.474908e+03	9.982933e-01	1.764428e-06	4.211662e-04	2.532238e-01	
1  1.59344e+15	1.511336e-01	5.402129e+00	2.711435e+00	2.290041e+00	9.986695e-01	-6.040215e-11	2.100008e+01	1.530048e+00	1.489999e+06	8.606733e-01	1.713496e-01	2.759859e+02	6.977510e+03	1.499889e+01	1.917248e+01	1.473423e+03	9.984667e-01	1.764372e-06	4.211662e-04	2.532238e-01	
1  1.59344e+15	1.511336e-01	5.402129e+00	2.711435e+00	2.290041e+00	9.986695e-01	-8.189519e-10	2.100004e+01	1.530045e+00	1.489998e+06	8.591093e-01	1.699014e-01	2.759420e+02	6.977111e+03	1.499977e+01	1.910674e+01	1.475618e+03	9.982561e-01	1.764214e-06	4.211662e-04	2.532238e-01	
1  1.59343e+15	1.511336e-01	5.402129e+00	2.711435e+00	2.290041e+00	9.986695e-01	-9.264028e-10	2.099997e+01	1.530049e+00	1.489998e+06	8.626166e-01	1.724405e-01	2.763181e+02	6.982039e+03	1.499990e+01	1.911491e+01	1.474258e+03	9.986574e-01	1.763980e-06	4.211662e-04	2.532238e-01	
2  1.59343e+15	1.511336e-01	5.402129e+00	2.711435e+00	2.290041e+00	9.986695e-01	-9.473721e-10	2.100003e+01	1.530047e+00	1.489998e+06	8.596925e-01	1.684210e-01	2.769413e+02	6.988091e+03	1.499926e+01	1.915374e+01	1.469891e+03	9.985982e-01	1.763595e-06	4.211662e-04	2.532238e-01	
2  1.59343e+15	1.511336e-01	5.402129e+00	2.711435e+00	2.290041e+00	9.986695e-01	-9.973717e-10	2.100004e+01	1.530049e+00	1.489998e+06	8.599372e-01	1.669260e-01	2.756592e+02	6.975879e+03	1.499930e+01	1.916988e+01	1.465677e+03	9.984194e-01	1.763609e-06	4.211662e-04	2.532238e-01	
2  1.59343e+15	1.511336e-01	5.402129e+00	2.711435e+00	2.290041e+00	9.986695e-01	-8.240829e-10	2.100010e+01	1.530055e+00	1.489998e+06	8.628679e-01	1.662406e-01	2.767046e+02	6.978455e+03	1.499904e+01	1.922894e+01	1.470451e+03	9.986049e-01	1.763791e-06	4.211662e-04	2.532238e-01	
1  1.59343e+15	1.511336e-01	5.402129e+00	2.711435e+00	2.290041e+00	9.986695e-01	-1.150768e-09	2.100006e+01	1.530055e+00	1.489998e+06	8.658543e-01	1.649613e-01	2.768531e+02	6.981310e+03	1.500000e+01	1.923169e+01	1.473413e+03	9.985236e-01	1.763809e-06	4.211662e-04	2.532238e-01	
1  1.59343e+15	1.511336e-01	5.402129e+00	2.711435e+00	2.290041e+00	9.986695e-01	-1.658486e-09	2.100010e+01	1.530059e+00	1.489998e+06	8.641048e-01	1.659254e-01	2.768494e+02	6.980066e+03	1.500057e+01	1.921971e+01	1.466551e+03	9.984735e-01	1.763435e-06	4.211662e-04	2.532238e-01	
2  1.59343e+15	1.511336e-01	5.402129e+00	2.711435e+00	2.290041e+00	9.986695e-01	-1.677079e-09	2.100015e+01	1.530061e+00	1.489998e+06	8.589410e-01	1.664920e-01	2.762784e+02	6.979640e+03	1.499989e+01	1.924042e+01	1.468981e+03	9.981142e-01	1.763034e-06	4.211662e-04	2.532238e-01	
1  1.59343e+15	1.511336e-01	5.402129e+00	2.711435e+00	2.290041e+00	9.986695e-01	-2.264309e-09	2.100016e+01	1.530059e+00	1.489998e+06	8.587698e-01	1.661492e-01	2.757367e+02	6.975398e+03	1.500044e+01	1.925054e+01	1.465880e+03	9.980687e-01	1.762278e-06	4.211662e-04	2.532238e-01	
4  1.59343e+15	1.511336e-01	5.402129e+00	2.711435e+00	2.290041e+00	9.986695e-01	-2.268660e-09	2.100018e+01	1.530063e+00	1.489998e+06	8.587510e-01	1.609873e-01	2.767052e+02	6.970274e+03	1.499889e+01	1.921772e+01	1.465556e+03	9.978668e-01	1.762422e-06	4.211662e-04	2.532238e-01	
1  1.59343e+15	1.511336e-01	5.402129e+00	2.711435e+00	2.290041e+00	9.986695e-01	-2.099755e-09	2.100018e+01	1.530064e+00	1.489998e+06	8.651193e-01	1.572098e-01	2.757644e+02	6.975925e+03	1.499972e+01	1.918795e+01	1.467744e+03	9.981734e-01	1.762172e-06	4.211662e-04	2.532238e-01	
